16120.42403268814
10.040000000000001
10.03
14.13
21.759999999999998
30.270000000000003
37.75
41.32
45.49
45.48
49.84
52.72
55.22
56.279999999999994
59.14
60.519999999999996
61.47
62.470000000000006
62.86000000000001
62.01
64.47
65.45
64.52
65.53999999999999
63.59
64.14999999999999
64.44
65.0
64.07000000000001
64.05
64.39
65.21000000000001
62.35000000000001
61.58
62.67
61.309999999999995
62.01
61.47
61.7
61.95
59.21999999999999
58.98
59.709999999999994
60.0
58.9
56.74
57.3
56.720000000000006
57.54
57.32000000000001
56.04
55.03
56.35
55.84
54.26
56.04
55.1
53.53
54.2
54.86
52.800000000000004
53.12
53.65
52.71
54.54
51.94
52.129999999999995
52.019999999999996
53.5
51.7
50.72
52.12
50.129999999999995
52.99
49.82
51.18000000000001
49.82
50.31
49.980000000000004
47.49
50.41
47.75
50.18
49.71
48.85
51.01
50.1
49.74
49.93
50.339999999999996
49.220000000000006
49.99
48.370000000000005
49.32
49.91
49.04
49.27
48.24
49.62
49.220000000000006
47.07
