14768.055385112762
10.299999999999999
14.09
19.8
37.29
35.35
41.68
46.85
50.36000000000001
48.730000000000004
52.96999999999999
53.690000000000005
60.550000000000004
59.14
59.830000000000005
57.76
62.629999999999995
57.809999999999995
60.440000000000005
58.050000000000004
61.59
61.95
62.1
60.91
64.49000000000001
63.04
64.18
63.56
60.85
62.06
59.089999999999996
62.519999999999996
60.97
64.81
57.75
65.78
63.239999999999995
61.23
63.12
59.699999999999996
59.19
58.3
55.43
57.86
55.13
56.02
55.84
58.57
50.36000000000001
55.63
50.59
56.79
52.410000000000004
54.85
52.93
60.57
54.910000000000004
53.37
52.769999999999996
57.58
52.239999999999995
52.33
52.2
53.169999999999995
50.870000000000005
53.690000000000005
46.83
52.07000000000001
47.0
55.36
44.29
48.68
49.6
47.92
44.62
51.300000000000004
43.61
46.89
47.510000000000005
41.8
50.09
43.55
48.72
44.32
43.11
49.49
41.19
46.550000000000004
40.35
41.85
40.46
43.09
41.620000000000005
42.57
42.18
39.77
45.46
39.42
49.980000000000004
38.73
46.760000000000005
