1276.9377512931824
10.0
10.37
10.0
10.0
10.0
10.040000000000001
10.32
15.17
11.64
18.16
15.690000000000001
21.25
26.150000000000002
27.779999999999998
28.110000000000003
34.660000000000004
33.040000000000006
35.620000000000005
36.36
38.1
37.75
40.02
40.78
40.739999999999995
41.93
42.88
42.32
44.68
42.84
44.92
45.1
46.39
45.61
45.39
47.160000000000004
44.85
47.73
47.349999999999994
47.68
47.89
47.5
48.230000000000004
49.730000000000004
48.559999999999995
50.41
49.220000000000006
48.66
48.85
50.14999999999999
49.51
50.970000000000006
51.29
49.9
50.72
49.769999999999996
51.559999999999995
51.6
51.519999999999996
51.870000000000005
51.54
51.35999999999999
51.13999999999999
51.74999999999999
50.760000000000005
53.010000000000005
52.349999999999994
52.349999999999994
51.05
52.39
52.480000000000004
50.74999999999999
51.64
52.370000000000005
53.03
53.559999999999995
53.13
53.05
53.89000000000001
53.42
52.980000000000004
53.82
53.73
53.16
54.15
53.33
54.48
53.22
53.99
53.849999999999994
55.08
54.82
54.13
54.84
54.14
54.72
54.35
54.59
53.790000000000006
55.14
53.900000000000006
