18696.31156396866
10.0
10.05
25.94
34.19
37.41
38.85
41.86
43.81
46.650000000000006
53.11
53.620000000000005
58.309999999999995
53.769999999999996
59.660000000000004
58.81999999999999
65.75
62.13999999999999
67.75
62.3
70.00999999999999
65.94
71.95
68.96
72.32
72.18
73.5
72.17
73.16
71.94
73.55000000000001
73.71
75.14
76.0
76.32
76.11
75.71
76.07000000000001
76.75999999999999
76.71
78.06
77.81
79.14
78.73
79.91
79.46
80.15
79.75999999999999
80.28999999999999
80.35
80.86
80.85
80.88
81.06
81.01
81.14
81.99
81.64
81.93
82.28
81.56
82.13000000000001
81.88
82.39
82.71
82.5
83.1
82.89
83.07
83.04
83.5
82.65
83.39999999999999
82.50999999999999
83.17
83.28
82.64
82.8
83.02000000000001
83.27
83.81
83.50999999999999
83.81
83.27
83.32000000000001
84.05
84.28999999999999
83.91999999999999
84.61999999999999
84.17
85.02
83.67999999999999
85.1
84.24000000000001
85.21
83.62
85.15
83.2
85.13
83.87
85.24000000000001
