1719.224093914032
10.0
10.0
10.0
10.190000000000001
10.0
15.909999999999998
10.0
15.55
10.03
12.33
14.08
18.740000000000002
22.99
28.53
29.360000000000003
30.09
34.64
33.77
36.46
37.66
38.61
39.01
42.02
41.94
41.92
43.69
44.940000000000005
44.7
47.24
46.37
48.209999999999994
49.03
49.29
51.019999999999996
51.459999999999994
50.92
52.669999999999995
53.25
52.96999999999999
53.339999999999996
54.339999999999996
55.120000000000005
55.02
54.58
55.47
56.230000000000004
56.87
56.68
57.06
57.35
57.92
57.550000000000004
58.25
58.620000000000005
58.41
59.199999999999996
59.330000000000005
59.51
59.86
59.99
60.099999999999994
61.23
60.77
61.39
61.339999999999996
61.1
61.51
62.11
62.12
62.41
62.17
62.8
63.12
63.13999999999999
63.68000000000001
63.6
63.72
64.05999999999999
63.71
64.42
64.16
64.53
64.34
64.81
65.08
65.42
65.69
65.33
65.25999999999999
65.4
65.31
65.60000000000001
66.07
66.09
66.41
66.69
66.75999999999999
66.9
66.62
66.7
