1550.7108523845673
9.969999999999999
9.91
10.0
10.03
17.06
10.0
10.02
10.02
10.5
12.870000000000001
16.189999999999998
21.83
22.09
23.86
26.47
28.02
31.879999999999995
33.32
34.410000000000004
36.34
36.21
39.03
40.57
39.79
41.49
42.91
42.970000000000006
44.28
45.62
46.339999999999996
46.910000000000004
47.79
48.04
48.43
48.77
48.86
50.160000000000004
50.739999999999995
50.64999999999999
51.62
52.17
52.580000000000005
52.580000000000005
52.76
53.75
53.779999999999994
54.669999999999995
54.84
55.379999999999995
55.11000000000001
55.74
56.330000000000005
56.39999999999999
56.489999999999995
57.13
57.25
57.29
58.19
57.85
58.199999999999996
58.45
58.660000000000004
58.19
58.620000000000005
59.12
59.67
59.17
60.07
60.08
60.3
60.49
60.589999999999996
60.97
61.11
61.47
62.03999999999999
61.82
61.870000000000005
62.4
62.41
62.239999999999995
62.28
62.61
62.68
62.81
62.71
63.3
63.160000000000004
63.580000000000005
63.57000000000001
63.42
64.3
64.39
64.13
64.49000000000001
64.57000000000001
65.03999999999999
64.82
65.19
65.25999999999999
