2532.2338840961456
9.65
18.16
25.290000000000003
34.2
34.699999999999996
39.989999999999995
40.21
43.57
47.599999999999994
48.96
51.18000000000001
55.97
55.769999999999996
53.82
60.419999999999995
58.9
60.69
60.199999999999996
59.57
63.61
65.83
65.48
66.24
67.2
67.44
67.67
65.41
69.81
67.15
71.05
68.46
71.05
71.16
71.95
73.16
72.87
74.0
74.21
74.77000000000001
75.26
72.21
75.19
73.32
76.39
72.03
75.37
75.26
76.14
74.46000000000001
77.03999999999999
75.92
77.42
77.37
80.11
77.89
79.81
80.11
79.5
78.84
80.73
80.86
80.47
81.17999999999999
80.54
80.89
81.57
80.52
80.67999999999999
78.28
82.35
81.51
79.25999999999999
81.14
80.42
81.94
81.96
82.37
80.61
81.94
79.0
81.21000000000001
82.04
81.77
82.94
83.36
83.67
83.28999999999999
83.17999999999999
82.56
82.19999999999999
82.74000000000001
82.28999999999999
82.39
81.72
83.14
82.06
83.38
81.2
83.02000000000001
83.45
