19467.04346871376
10.0
10.05
28.560000000000002
31.900000000000002
39.06
39.129999999999995
42.03
42.3
46.01
51.57000000000001
53.18000000000001
56.10000000000001
52.910000000000004
58.919999999999995
57.92
65.74
61.970000000000006
67.71000000000001
62.41
69.35
65.8
71.55
68.57
72.39999999999999
71.17999999999999
72.97
69.51
71.7
69.38
73.15
72.85000000000001
75.53
74.72999999999999
76.87
75.85
76.62
76.51
78.36
78.55
79.23
79.28
79.5
80.04
80.0
79.89
78.97999999999999
80.24
80.05
80.67999999999999
79.91
80.67
79.79
81.31
80.87
81.26
79.61
80.84
80.24
80.77
79.73
80.83
80.84
81.83
82.86
83.27
83.21
82.87
83.00999999999999
83.36
83.42
82.44
83.52000000000001
82.83
83.32000000000001
83.85000000000001
83.63000000000001
84.17999999999999
83.84
84.03
84.33
84.39
84.25
84.21
83.64
84.72
84.67
84.73
84.97
85.03
84.95
84.8
85.00999999999999
84.58
84.89
84.04
84.78
83.2
85.07000000000001
83.87
85.1
