1101.38246011734
10.299999999999999
10.0
10.0
10.0
10.0
10.0
10.07
11.450000000000001
12.379999999999999
16.34
16.32
18.72
25.8
22.56
27.700000000000003
25.39
31.230000000000004
32.300000000000004
31.900000000000002
35.370000000000005
37.97
38.800000000000004
40.12
42.42
39.550000000000004
43.3
42.77
43.230000000000004
44.01
44.49
46.25
46.22
46.379999999999995
48.16
48.67
49.29
49.15
49.730000000000004
50.49
50.11
50.89
50.41
50.89
50.29
51.29
50.970000000000006
52.89
52.64
51.849999999999994
53.480000000000004
52.27
53.269999999999996
53.190000000000005
53.510000000000005
52.82
52.629999999999995
53.22
53.959999999999994
54.24
53.54
55.34
54.89000000000001
55.19
53.99
55.19
55.54
56.010000000000005
54.83
55.08
55.06999999999999
56.599999999999994
56.2
55.769999999999996
55.53
55.44
54.93
56.13
56.28999999999999
56.940000000000005
56.38999999999999
56.48
57.05
57.34
56.599999999999994
56.93
57.78
56.15
57.17
56.699999999999996
57.93000000000001
57.50999999999999
58.48
57.08
58.199999999999996
57.89
57.86
57.63
58.25
58.489999999999995
58.13
