1713.2631759643555
10.0
20.830000000000002
25.88
30.39
30.259999999999998
38.89
43.04
39.51
44.13
46.03
50.1
45.57
47.73
48.16
53.510000000000005
52.22
57.98
55.66
61.24000000000001
61.629999999999995
64.48
66.35
65.91
66.75
67.25
64.83
66.27
63.6
64.44
68.47999999999999
72.16
69.98
68.85
65.82000000000001
71.2
73.95
74.28
71.52
75.09
70.86
74.05000000000001
71.75
73.82
72.17
75.62
71.31
76.52
74.32
73.58
76.94
76.23
77.05
75.62
77.94
73.38
76.21
74.57000000000001
77.07000000000001
75.99000000000001
78.3
79.58
81.5
80.92
79.12
80.56
78.53
81.41000000000001
76.44
80.58
79.42
80.88
80.85
81.43
81.45
79.52
76.94
81.2
81.52000000000001
82.33
82.67999999999999
81.28999999999999
82.19
82.04
81.05
81.05
81.32000000000001
79.80000000000001
81.77
80.78
76.88000000000001
81.49
81.82000000000001
80.58999999999999
78.8
82.80999999999999
80.93
83.61
83.15
81.85
83.27
