2482.326085090637
9.99
19.25
24.65
32.49
31.96
39.44
38.83
45.48
44.24
49.74
51.01
55.00000000000001
54.11
54.16
58.940000000000005
60.34
59.9
63.27
61.370000000000005
64.98
65.60000000000001
64.42
65.39
64.67
66.42
66.45
65.71000000000001
67.06
66.11
68.25
69.3
68.27
70.78
71.28999999999999
72.04
72.69
73.48
74.06
74.63
74.63
71.38
74.45
72.94
76.91
72.37
75.86
75.13
75.53
74.74
75.38
75.94
77.33
75.21
76.41
76.78
75.42999999999999
76.92999999999999
76.67
76.91
77.25
76.72
78.71000000000001
77.12
77.92
77.05
78.28
76.02
77.39
73.53
77.97
78.7
73.74000000000001
78.51
75.53
78.01
77.21000000000001
78.89
78.47
78.28
75.9
75.92
77.85
76.68
76.22
77.63
77.81
77.06
76.42
78.34
75.79
76.12
73.97
78.16
76.27000000000001
77.14999999999999
74.22
77.14
77.55
75.83
75.82
