19054.2826294899
10.0
10.05
27.250000000000004
32.940000000000005
36.69
37.56
40.64
41.6
45.25
50.580000000000005
52.800000000000004
55.98
51.519999999999996
59.79
56.71000000000001
63.49
57.709999999999994
66.43
57.42
67.4
59.330000000000005
68.45
62.46000000000001
68.78
63.1
67.78
63.42
67.63
60.699999999999996
67.80000000000001
62.629999999999995
67.5
63.660000000000004
67.2
64.60000000000001
66.81
63.73
63.38
65.51
62.370000000000005
64.33
62.739999999999995
66.34
62.72
65.53
61.09
63.0
61.67
62.7
61.5
58.68
60.209999999999994
60.97
57.220000000000006
60.040000000000006
59.730000000000004
61.51
59.61
57.93000000000001
59.58
56.120000000000005
59.43000000000001
55.98
56.120000000000005
55.910000000000004
55.95
53.910000000000004
57.620000000000005
53.49
55.279999999999994
51.54
58.17
52.129999999999995
57.410000000000004
52.32
56.82000000000001
51.949999999999996
57.13
51.17
53.15
47.82
51.44
50.17
53.580000000000005
48.230000000000004
52.839999999999996
51.74999999999999
47.55
51.29
46.87
53.339999999999996
43.68
56.34
41.870000000000005
54.0
44.03
52.019999999999996
43.059999999999995
51.67
43.68
