877.2384920120239
10.0
10.79
10.0
10.0
10.41
10.0
13.76
20.45
19.49
20.150000000000002
23.11
22.48
24.12
26.200000000000003
29.39
29.29
33.160000000000004
36.16
34.31
36.04
38.2
40.94
42.9
43.88
42.72
43.120000000000005
44.34
45.72
44.330000000000005
46.44
49.74
48.46
48.46
49.6
51.33
52.129999999999995
52.27
53.879999999999995
54.15
53.6
55.010000000000005
55.14
54.7
53.86
55.26
55.36
57.4
55.96
55.66
58.720000000000006
56.65
58.720000000000006
58.35
58.56
58.599999999999994
58.309999999999995
58.650000000000006
58.730000000000004
60.519999999999996
61.3
61.31999999999999
61.07
61.75000000000001
60.88
62.09
62.470000000000006
62.35000000000001
60.57
62.25000000000001
62.79
64.07000000000001
63.43
63.46000000000001
63.71
64.03
61.56
63.949999999999996
64.27000000000001
64.4
65.14
64.75
64.75999999999999
64.51
64.83
64.59
66.02
63.71
65.7
65.98
64.79
66.19
66.24
65.84
65.88000000000001
66.83
66.44
66.75
67.08
66.9
66.41
