3076.802321434021
10.0
17.59
24.169999999999998
32.01
36.41
41.160000000000004
42.67
46.739999999999995
50.11
51.82
55.05
55.779999999999994
54.900000000000006
58.160000000000004
58.989999999999995
61.150000000000006
61.4
62.25000000000001
60.89
65.21000000000001
62.35000000000001
66.64
64.1
67.60000000000001
67.58
69.16
68.62
69.17
68.08999999999999
71.8
71.26
73.22999999999999
72.6
73.24000000000001
74.35000000000001
74.99
74.46000000000001
76.17
75.99000000000001
76.63
77.36
77.02
78.02
77.95
78.08
77.53999999999999
79.07
77.35
79.53
78.18
80.14
78.29
80.33
78.47
80.63
78.14
80.62
77.57
80.65
76.81
80.36
79.09
81.51
80.55
81.8
81.64
81.93
81.56
81.99
81.53
82.19
81.3
82.53
81.38
82.89999999999999
81.04
82.93
81.73
83.08
82.55
82.85
82.76
82.1
83.27
83.50999999999999
83.58
83.12
83.07
82.80999999999999
82.55
82.86
83.13000000000001
82.83
83.17
82.84
83.44
83.36
83.96000000000001
83.77
83.57
