1215.4214043617249
10.0
10.0
10.0
9.99
10.02
11.57
10.18
16.89
18.6
23.79
28.04
27.96
35.08
35.449999999999996
38.940000000000005
41.64
41.69
43.4
45.83
46.050000000000004
46.83
48.68
49.61
50.21
50.28
50.9
50.949999999999996
53.410000000000004
52.33
52.93
53.32
55.04
55.02
54.71
55.55
54.97
57.45
56.87
56.589999999999996
57.720000000000006
57.989999999999995
58.43000000000001
58.89
58.79
59.91
59.98
59.9
60.22
60.589999999999996
61.129999999999995
61.46
61.38
61.370000000000005
62.0
61.91
62.629999999999995
63.05
62.86000000000001
62.739999999999995
63.57000000000001
63.63999999999999
63.370000000000005
64.42
63.739999999999995
64.51
64.19
64.41
63.959999999999994
64.53
65.78
63.970000000000006
65.63
64.88000000000001
66.03
65.81
65.73
66.45
66.44
66.86
66.45
66.44
66.88
66.63
66.88
67.47
67.65
67.38
67.34
67.88
67.66
68.06
67.80000000000001
68.26
67.9
68.4
68.15
68.17999999999999
68.03
68.75
68.45
