1523.801917552948
10.0
10.93
10.03
10.0
10.0
10.0
10.0
10.03
10.08
11.51
13.38
15.55
20.07
21.790000000000003
23.59
26.13
30.54
33.900000000000006
35.97
37.97
37.96
40.48
41.48
43.64
44.35
45.93
46.47
47.27
46.9
48.199999999999996
47.79
48.92
49.370000000000005
50.41
50.46000000000001
49.26
51.470000000000006
50.79
52.01
52.669999999999995
52.26
52.61
52.690000000000005
51.980000000000004
53.13
53.32
52.43
53.510000000000005
54.47
54.949999999999996
54.15
55.61000000000001
54.76
54.2
55.31
54.72
55.989999999999995
56.169999999999995
56.67
56.05
56.18
56.42
56.55
56.92
57.330000000000005
56.71000000000001
56.940000000000005
56.13
57.230000000000004
56.98
57.099999999999994
57.91
57.15
57.49999999999999
57.13
58.309999999999995
57.8
58.07
58.95
58.330000000000005
58.089999999999996
58.099999999999994
58.84
59.35
58.67
58.940000000000005
58.5
59.599999999999994
59.31999999999999
59.47
59.19
59.08
59.0
59.709999999999994
59.230000000000004
59.199999999999996
59.64
58.75
59.62
59.69
