923.1127152442932
12.989999999999998
10.0
10.0
14.069999999999999
10.0
10.54
19.0
16.400000000000002
21.17
21.08
25.590000000000003
24.240000000000002
29.84
27.779999999999998
31.509999999999998
32.690000000000005
33.589999999999996
36.86
33.650000000000006
36.01
38.46
36.99
38.95
41.120000000000005
36.03
38.18
41.52
41.07
40.39
39.72
42.059999999999995
42.04
39.31
39.550000000000004
42.94
43.919999999999995
43.57
42.02
42.88
44.26
43.81
43.61
43.79
42.89
45.23
44.03
47.339999999999996
44.76
42.21
45.76
45.24
47.089999999999996
46.72
45.15
46.69
44.09
45.67
42.91
47.08
47.02
47.29
47.15
47.83
45.37
46.410000000000004
47.68
48.83
46.56
45.43
47.870000000000005
49.29
48.65
49.1
48.07
47.06
45.190000000000005
46.72
48.26
47.99
50.4
48.47
47.47
48.559999999999995
48.72
46.72
49.91
44.91
49.3
49.88
47.760000000000005
49.72
49.36
48.88
49.39
50.56
49.370000000000005
49.78
48.51
49.35
49.17
