10918.725621461868
10.0
12.83
26.150000000000002
32.15
39.17
37.32
46.29
41.25
49.78
51.76
55.900000000000006
49.24
52.900000000000006
48.41
59.95
51.5
61.36000000000001
54.37
64.11
62.81
67.64
70.58
67.58999999999999
72.1
69.04
66.13
69.25
66.97
66.85
69.53
72.58
68.89
74.03
70.45
73.42
73.35000000000001
74.62
73.21
75.14
70.15
71.52
71.15
74.2
73.21
73.56
71.17999999999999
74.22
74.98
73.83999999999999
75.92
77.74
73.00999999999999
78.06
74.8
76.75999999999999
75.14
77.66
77.84
76.55999999999999
78.9
77.47
80.72
79.7
80.56
79.74
80.12
78.49000000000001
80.49
76.83
80.25
78.31
82.04
77.64
81.95
78.96
81.08999999999999
77.56
82.77
80.57
82.28999999999999
81.67
81.58999999999999
82.58
80.13
82.16
80.57
82.05
79.51
80.47
78.75999999999999
80.64
81.11
82.46
81.45
81.96
82.33
84.04
82.53
83.89
80.22
