10575.664962291718
10.74
11.08
27.200000000000003
34.660000000000004
36.43
40.61
47.36
40.61
50.07
46.37
57.38999999999999
47.56
53.18000000000001
42.64
60.260000000000005
44.31
60.980000000000004
49.33
60.01
55.43
60.75000000000001
63.81
61.44
63.73
60.4
56.36
66.46
61.129999999999995
63.959999999999994
60.33
67.55
61.019999999999996
68.25
61.89
68.35
65.75999999999999
70.98
62.94
69.91000000000001
65.64
66.47
66.97
65.23
65.9
68.2
66.09
68.03
67.67
65.38000000000001
68.89999999999999
70.25
64.58
70.25
66.53
70.49
67.67999999999999
72.96000000000001
70.1
68.03
72.89999999999999
68.65
73.72
70.19
74.71
68.10000000000001
74.3
66.86999999999999
70.76
66.05
66.2
69.1
73.83
68.43
69.46
67.56
71.64
65.98
73.18
69.07
71.37
70.5
69.31
70.92
69.78
71.87
69.71000000000001
72.57000000000001
68.13
66.86999999999999
67.96
71.11
70.46
70.78999999999999
69.45
67.72
72.63
70.17
70.19
70.36
64.53
