3161.1784994602203
10.0
16.25
24.87
31.369999999999997
35.28
40.42
43.47
46.11
48.97
51.71
54.52
53.669999999999995
54.059999999999995
58.43000000000001
59.46
60.540000000000006
63.38
62.12
61.839999999999996
65.24
64.24
66.33
65.02
67.34
67.91
69.15
69.38
69.39
68.78999999999999
70.28
70.39999999999999
72.64
71.6
72.67
72.74000000000001
73.7
72.75
74.31
73.91
72.89999999999999
75.44999999999999
73.54
75.09
74.58
74.14
73.26
75.13
71.17
74.03999999999999
71.58
74.91
71.47
74.88
71.67
75.66000000000001
69.82000000000001
74.22999999999999
67.80000000000001
73.15
66.95
73.27
68.01
73.6
71.07
70.30999999999999
72.72
69.15
70.34
70.23
71.46000000000001
69.01
70.67
69.69999999999999
68.72
69.89
65.91
72.46000000000001
68.25
69.35
66.96
67.22
64.53999999999999
69.19999999999999
66.28
66.25
68.36
66.52
66.03
67.45
64.0
64.84
63.800000000000004
65.92
65.12
65.4
66.22
61.050000000000004
63.39
64.29
64.82
