2674.8275203704834
9.09
12.91
19.08
22.189999999999998
27.339999999999996
35.54
35.089999999999996
39.7
42.29
48.28
48.94
52.43
52.26
53.790000000000006
56.79
58.489999999999995
59.330000000000005
60.6
61.75000000000001
63.01
63.36000000000001
63.44
63.78
63.160000000000004
65.59
66.44
66.89
67.65
67.25
68.66
68.78999999999999
69.23
68.56
70.67
70.58
69.39999999999999
70.89
71.32
71.15
72.50999999999999
71.92
73.31
73.19
73.9
73.81
74.16
73.79
74.74
74.88
74.13
75.01
74.21
75.1
74.95
74.55000000000001
75.35
74.05000000000001
74.42
74.92999999999999
75.13
76.09
75.56
75.73
75.37
74.88
76.13
75.56
75.64
75.17
74.71
76.06
74.69
76.2
75.8
74.64
75.62
75.58
76.62
75.11
75.66000000000001
75.92999999999999
76.1
75.5
76.23
75.74
75.24
76.59
75.53
76.09
74.77000000000001
73.94
74.92999999999999
75.39
74.75
75.44
75.31
74.86
75.85
74.62
73.33
