1829.776489019394
10.0
18.8
26.52
31.39
35.010000000000005
38.080000000000005
40.94
39.08
43.51
49.45
50.019999999999996
44.3
47.13
48.92
57.32000000000001
48.13
58.709999999999994
52.61
61.3
59.099999999999994
63.21
65.14999999999999
62.73
67.44
66.63
63.39
67.12
61.88
62.99
66.0
72.96000000000001
67.94
68.87
68.23
69.89
73.42
74.7
73.0
74.48
70.77
72.3
71.41
73.04
70.85000000000001
74.3
69.01
75.48
72.3
73.04
74.53
74.05000000000001
74.94
73.91
76.44
74.06
76.16000000000001
74.53
77.32
74.62
76.95
78.16
80.52
79.72
77.64
79.47999999999999
79.17
79.31
73.65
78.9
77.4
78.60000000000001
78.35
80.06
80.60000000000001
79.85
77.23
78.5
81.98
80.12
80.65
79.03
81.19
81.15
80.56
79.75
80.97999999999999
79.80000000000001
79.24
81.35
75.12
80.41
80.41
81.26
78.5
81.67999999999999
79.08
83.16
81.76
81.69999999999999
81.32000000000001
