20811.683073997498
10.0
10.89
10.03
15.14
30.37
40.68
42.22
43.82
46.62
48.71
50.83
54.36
57.08
57.69
60.029999999999994
62.06
62.64999999999999
64.19
65.0
64.97
66.07
65.82000000000001
64.97
66.14
65.21000000000001
64.7
65.23
64.77000000000001
64.9
63.629999999999995
62.849999999999994
64.29
63.480000000000004
62.72
63.07000000000001
63.99
62.19
61.83
63.32
63.42
63.67
62.57
61.919999999999995
61.56
60.88
60.61
61.14000000000001
61.029999999999994
60.18
61.150000000000006
59.85
59.709999999999994
60.61
58.699999999999996
60.01
59.150000000000006
60.19
58.93000000000001
57.8
57.78
58.47
58.02
59.099999999999994
56.58
57.60999999999999
56.84
57.46
56.830000000000005
57.199999999999996
56.14
55.87
57.64
57.56
57.79
56.49999999999999
57.25
56.04
55.82
57.199999999999996
54.85
54.49
55.17999999999999
55.559999999999995
56.330000000000005
55.94
54.459999999999994
55.04
54.449999999999996
56.35
54.21
55.879999999999995
54.120000000000005
54.05
53.82
53.910000000000004
54.52
53.26
53.89000000000001
53.690000000000005
53.42
