11637.658032417297
10.12
13.48
14.69
20.18
29.29
35.88
39.54
43.76
46.58
45.87
47.56
49.76
52.49
56.38999999999999
57.03
55.169999999999995
59.940000000000005
58.089999999999996
60.870000000000005
62.61
61.3
62.849999999999994
61.870000000000005
63.1
61.6
59.06
61.45
61.39
60.19
61.739999999999995
59.99
58.199999999999996
58.51
57.52
57.89
57.74
57.32000000000001
54.279999999999994
54.559999999999995
54.1
55.08
54.50000000000001
51.88
53.059999999999995
57.720000000000006
54.120000000000005
55.279999999999994
55.800000000000004
49.7
48.980000000000004
51.2
48.84
52.65
51.92
54.42
52.38
55.57
53.25
52.09
54.6
53.459999999999994
50.59
51.92
53.339999999999996
52.16
51.239999999999995
50.27
52.71
49.2
50.31
52.800000000000004
51.09
53.11
52.65
50.949999999999996
54.54
49.94
52.410000000000004
49.08
47.38
49.95
49.17
53.13
51.32
50.529999999999994
50.949999999999996
53.04
49.57
50.72
48.71
51.4
52.839999999999996
49.09
49.97
49.059999999999995
48.85
49.02
49.88
52.190000000000005
47.33
