1944.6778445243835
10.0
10.0
10.05
10.0
10.0
10.0
10.0
10.02
10.61
13.65
19.16
23.9
26.490000000000002
30.930000000000003
34.18
35.260000000000005
36.42
38.57
40.63
42.28
42.55
42.59
44.73
45.08
45.89
46.760000000000005
48.14
48.0
49.78
49.769999999999996
50.11
50.839999999999996
50.129999999999995
50.64999999999999
51.6
52.07000000000001
51.790000000000006
52.55
52.07000000000001
52.949999999999996
53.36
53.800000000000004
53.59
53.76
54.09
54.71
55.35
54.47
55.47
55.60000000000001
55.96
55.75
56.279999999999994
56.47
56.2
57.15
57.17
56.8
57.21000000000001
57.38999999999999
57.37
57.330000000000005
56.97
57.50999999999999
57.96
57.620000000000005
57.76
57.940000000000005
57.98
57.98
58.43000000000001
58.709999999999994
58.720000000000006
58.720000000000006
59.19
58.28
58.77
59.21999999999999
59.24
58.89
59.07
59.3
59.24
59.419999999999995
59.37
59.48
59.96
60.099999999999994
60.01
60.019999999999996
59.48
60.14000000000001
60.5
60.51
60.9
60.42999999999999
61.27
60.88
60.77
60.91
