15261.350982189178
15.409999999999998
10.290000000000001
21.38
35.39
32.49
41.25
42.27
47.69
48.55
54.190000000000005
54.42
61.3
58.540000000000006
60.4
58.540000000000006
64.03
60.35
65.59
61.89
68.64
70.30999999999999
71.8
71.02000000000001
73.8
74.78
74.61
72.18
73.5
72.64
73.48
71.99
74.53999999999999
74.3
76.35
75.48
78.01
77.42
78.35
77.66
76.97
74.02
76.35
76.36
77.79
76.48
76.08
76.86
75.0
75.17
75.87
76.53
77.11
79.05
80.77
80.47999999999999
80.01
80.30000000000001
80.27
79.71000000000001
81.98
82.33
82.25
81.58999999999999
82.19
81.38
82.24000000000001
81.26
80.78999999999999
79.46
82.50999999999999
82.85
82.09
83.07
81.83
82.3
82.6
82.95
83.00999999999999
83.00999999999999
81.52000000000001
81.8
83.49
83.37
83.5
84.50999999999999
84.17999999999999
84.05
84.54
83.66
83.48
83.53
83.48
84.07
84.65
84.19
84.6
84.07
84.85000000000001
84.44
84.7
