10263.388996839523
10.040000000000001
12.19
28.34
34.14
35.17
41.42
46.06
40.99
47.06
47.49
55.089999999999996
48.44
50.67
46.97
56.87
52.5
60.050000000000004
56.2
65.08
64.19
68.67
70.33
71.0
70.69
68.86
66.12
69.01
65.93
67.52
68.5
73.37
70.43
74.22999999999999
69.89999999999999
74.07000000000001
75.33999999999999
75.17
74.21
76.41
72.72999999999999
75.72
72.95
74.33
73.31
76.75
73.49
76.03999999999999
75.16000000000001
73.65
76.5
75.24
75.84
76.74
77.46
74.49
77.17
76.51
78.85
76.34
80.31
79.23
81.86
81.23
80.56
80.96
79.36
80.92
77.75
80.2
80.97
80.93
81.72
82.1
82.25
79.78
77.79
80.65
82.67
83.24000000000001
83.55
82.8
83.66
82.16
82.61
83.37
83.26
82.55
81.47999999999999
81.08999999999999
77.18
82.39999999999999
82.93
82.12
80.82000000000001
84.65
83.03
85.14
85.0
84.33
84.06
