981.0623910427094
10.0
10.0
10.0
10.0
10.0
10.0
15.82
12.58
18.16
20.669999999999998
23.990000000000002
23.52
25.6
28.67
32.18
32.629999999999995
38.4
36.96
37.43
39.47
39.6
42.870000000000005
41.07
44.73
44.11
42.89
44.14
43.980000000000004
43.4
42.71
47.19
46.300000000000004
46.07
46.989999999999995
49.13
49.26
48.27
49.8
49.480000000000004
48.47
49.480000000000004
49.71
49.75
49.13
48.91
49.370000000000005
52.15
51.27
50.27
52.17
51.57000000000001
53.0
52.44
52.61
53.169999999999995
50.74999999999999
51.28
52.87
53.269999999999996
54.48
53.93
52.580000000000005
54.769999999999996
53.690000000000005
54.13
54.24
55.87
52.44
53.63
56.11000000000001
55.120000000000005
55.7
54.74
55.620000000000005
54.89000000000001
52.480000000000004
53.769999999999996
53.65
53.779999999999994
56.330000000000005
56.64
55.120000000000005
55.32
55.52
55.410000000000004
56.220000000000006
52.470000000000006
54.97
55.61000000000001
55.35
56.00000000000001
56.510000000000005
57.03
55.900000000000006
56.52
57.04
55.910000000000004
56.65
56.25
55.71
