1355.8796646595001
10.0
16.98
10.0
10.0
10.0
12.4
9.92
10.16
11.73
13.81
20.02
23.02
24.16
25.25
32.300000000000004
33.37
36.38
38.46
39.46
42.39
41.099999999999994
45.550000000000004
45.87
44.64
46.14
48.03
47.54
48.699999999999996
48.39
49.62
49.2
49.919999999999995
51.09
50.73
52.22
49.5
53.010000000000005
53.059999999999995
52.66
52.89
53.2
53.94
53.73
54.190000000000005
55.71
54.11
54.36
55.78999999999999
55.57
55.48
56.45
55.989999999999995
56.15
57.879999999999995
57.03
58.269999999999996
58.220000000000006
58.19
58.330000000000005
58.709999999999994
58.78
58.43000000000001
58.84
59.07
59.58
59.61
59.81999999999999
58.720000000000006
59.07
60.06
58.85
59.309999999999995
58.86
60.89
61.01
59.5
61.160000000000004
60.42999999999999
61.29
59.85
61.41
61.71
61.050000000000004
61.88
61.29
61.809999999999995
61.49
61.73
62.2
62.129999999999995
61.550000000000004
62.43
63.2
61.919999999999995
62.94
63.44
62.73
62.55
63.67
62.760000000000005
