14442.917531251907
10.0
14.549999999999999
22.79
37.21
35.19
41.36
45.53
49.68
48.93
54.339999999999996
56.16
62.69
60.39
61.69
62.0
65.60000000000001
60.33
66.66
61.57
69.56
68.96
70.6
69.73
72.54
74.14
73.53
71.48
72.56
70.19999999999999
71.41
70.45
74.82
74.08
75.77000000000001
74.72
76.24
76.24
77.56
76.36
76.22
73.4
76.14999999999999
76.33
76.94
76.0
75.98
77.60000000000001
76.28
77.14
77.83
78.42
78.91
80.23
81.27
79.86
80.97999999999999
81.03
80.25999999999999
81.14
81.99
82.28
82.1
82.44
81.64
82.21000000000001
82.91
83.03
81.49
80.88
83.38
82.35
81.26
82.24000000000001
83.11
82.34
83.76
82.8
83.78
83.53
82.5
82.17
83.99
83.00999999999999
82.94
83.8
84.39999999999999
83.73
83.99
82.61
84.66
83.44
83.78
83.17
84.43
83.84
83.67999999999999
84.56
85.09
85.39
85.26
