1910.8794338703156
10.040000000000001
14.719999999999999
20.48
24.959999999999997
28.139999999999997
33.54
36.27
40.56
43.14
44.24
47.349999999999994
49.43
49.980000000000004
52.339999999999996
54.06999999999999
53.959999999999994
58.48
56.66
58.89
60.19
59.06
61.89
62.93
62.760000000000005
63.79
62.81
64.59
65.28
65.95
66.8
67.78
67.54
67.7
67.77
68.42
69.62
70.06
70.12
70.97
70.14
70.65
70.07
69.89
69.6
72.11
71.08
73.27
71.15
72.67
73.2
72.88
72.3
73.56
74.22
73.33
73.16
73.83
75.28
74.63
74.48
74.33999999999999
75.03999999999999
75.12
75.71
74.09
74.21
74.74
73.92
74.67
74.22
75.42999999999999
74.9
74.74
74.62
75.29
75.42999999999999
75.7
76.42
74.27
75.03
75.59
75.47
76.64
74.68
76.08
77.14999999999999
76.9
74.82
76.16000000000001
74.81
75.87
76.92
75.67
76.38000000000001
75.78
75.56
75.14999999999999
75.72
74.92999999999999
72.07000000000001
