1765.790361881256
10.01
18.67
26.63
28.939999999999998
28.87
36.95
43.49
37.79
43.269999999999996
47.31
49.29
45.86
49.059999999999995
46.9
54.43
49.97
58.9
55.910000000000004
60.07
58.74
62.77
65.10000000000001
64.19
66.64999999999999
65.7
64.96
65.75
61.480000000000004
63.11
68.46
71.87
66.11
68.05
64.03999999999999
69.93
71.91
73.41
70.38
74.0
70.25
73.50999999999999
69.89
74.52
70.39
75.3
70.64
76.25999999999999
70.37
71.69
74.35000000000001
73.55000000000001
73.38
73.37
75.48
71.87
74.89
75.89
75.76
74.64
76.87
76.42
80.19
78.75
78.8
77.34
78.63
78.12
75.9
78.29
75.24
78.43
77.49000000000001
79.82000000000001
76.82
77.0
74.0
77.48
79.42
77.98
80.06
78.11
79.44
79.66
78.71000000000001
78.34
79.36999999999999
79.36
76.35
79.32000000000001
73.88
78.17
79.60000000000001
78.74
78.64999999999999
80.42
79.83
80.80000000000001
81.37
79.88
78.4
