3398.791615009308
10.0
11.88
15.52
19.66
28.199999999999996
32.12
38.37
39.900000000000006
45.87
47.9
51.28
52.83
54.83
57.29
58.43000000000001
59.81999999999999
61.95
62.3
63.67
64.46
65.24
66.32000000000001
66.17
65.92
66.99000000000001
67.61
68.11
68.95
69.78
69.81
70.19
70.72
70.85000000000001
71.12
70.99
72.37
71.81
70.99
72.15
70.75
71.67
71.52
71.72
71.91
70.66
71.44
71.47
71.16
71.58
71.59
71.46000000000001
70.59
71.67999999999999
70.78
70.85000000000001
70.00999999999999
70.23
68.11
69.36
68.24
69.56
69.39999999999999
69.54
68.97999999999999
69.16
68.74
67.61
69.1
66.86
66.75999999999999
65.61
66.27
66.94
66.67999999999999
68.21000000000001
65.68
66.43
67.02
66.95
67.15
65.31
64.45
65.85
64.67
64.7
64.83
65.11
65.47
65.23
63.970000000000006
63.18
65.71000000000001
66.84
63.92
65.2
64.78
66.03999999999999
66.2
64.66
62.36000000000001
