2383.8590722084045
9.75
19.15
24.85
32.45
31.7
38.97
38.67
43.68
43.7
48.19
49.91
54.300000000000004
54.16
53.580000000000005
58.77
61.71
59.660000000000004
61.970000000000006
60.629999999999995
63.94
64.8
64.45
65.78
65.92
66.95
67.21000000000001
65.39
68.8
65.53
69.95
67.08
69.74000000000001
70.54
71.64
71.3
70.97
73.32
74.27
73.74000000000001
73.96000000000001
71.65
73.33
72.3
74.99
72.89999999999999
75.5
74.38
74.78
74.75
76.71
76.25
77.36
77.73
77.97
78.14
77.46
79.14999999999999
76.9
78.60000000000001
79.11
79.3
79.56
79.86
79.71000000000001
79.99000000000001
81.39999999999999
79.59
79.24
78.36
81.02000000000001
81.14
78.63
80.92
80.57
80.66
81.64
81.66
80.69
81.65
79.65
81.57
81.89999999999999
81.83
81.2
82.50999999999999
82.75
82.32000000000001
82.31
82.23
81.81
82.76
81.42
82.83
81.77
82.43
80.87
83.31
81.54
83.66
82.36
