3234.5525228977203
9.74
16.78
24.279999999999998
30.669999999999998
35.17
43.59
44.42
45.910000000000004
48.94
51.4
53.89000000000001
53.68000000000001
52.21
56.269999999999996
57.13
60.85
61.17
60.940000000000005
60.47
64.41
63.89
66.99000000000001
64.47
67.63
67.10000000000001
69.86
68.30000000000001
69.85
68.46
71.7
71.25
73.03
73.28
72.39
74.42
74.18
74.71
75.53
76.47
76.3
77.0
76.59
77.25999999999999
77.16
76.98
76.92999999999999
78.46
77.49000000000001
78.69
78.17
79.83
79.17999999999999
80.0
80.03
80.19
79.10000000000001
80.95
78.89
80.95
78.73
80.39
79.93
80.63
81.99
81.67
82.28
82.09
82.12
82.24000000000001
82.36
82.0
82.14
82.82000000000001
82.0
83.17999999999999
81.67999999999999
82.85
82.07
82.98
82.44
82.98
82.27
82.57
83.1
83.64
83.72
83.35000000000001
82.63000000000001
82.56
81.67
82.5
82.6
82.55
82.3
82.27
82.89
82.85
83.31
83.16
83.03
