1638.2304825782776
9.92
14.21
10.0
10.67
10.0
10.01
10.0
10.459999999999999
23.23
19.35
22.67
24.7
28.08
30.69
31.97
35.53
35.69
38.440000000000005
40.17
40.839999999999996
41.839999999999996
43.18
44.65
44.15
46.28
46.96
46.489999999999995
46.31
47.36
48.57
48.6
49.21
47.14
49.29
50.01
50.029999999999994
49.02
50.580000000000005
49.8
50.54
51.22
51.580000000000005
51.04
51.94
51.190000000000005
50.82
52.080000000000005
51.790000000000006
52.18000000000001
51.739999999999995
53.16
52.33
53.36
52.73
53.1
52.949999999999996
54.04
53.55
52.839999999999996
53.14
53.879999999999995
54.55
53.290000000000006
53.73
54.22
54.010000000000005
54.64
54.94
54.50000000000001
54.82
54.459999999999994
55.08
54.230000000000004
55.24
55.620000000000005
55.24
54.99000000000001
55.510000000000005
55.61000000000001
56.00000000000001
55.45
55.11000000000001
54.89000000000001
56.13
55.120000000000005
55.63
56.07
55.089999999999996
55.21
55.13
54.66
56.230000000000004
55.66
55.67999999999999
55.36
55.900000000000006
56.89999999999999
56.52
56.14
56.11000000000001
