2.4195233985876583
2.147866996230593
2.0018468852255755
1.7820180001532195
1.692158907841725
1.6856141272623828
1.5481240536756575
1.5857127168375975
1.482080218138968
1.3518480707885354
1.3443785146543175
1.475537171029741
1.5816433854923126
1.3863883390548124
1.1572118591351115
1.388176899806709
1.1211814842406351
1.3372864787745629
1.0741699231658013
1.1257282685322367
1.041954939532432
0.9840482663197122
1.027122775080857
0.9088020275352867
0.9051038239412247
1.0140035737092328
0.8968424068135061
1.077133693892485
1.027198432357448
0.9325013323953957
0.7885076673167526
0.9068738829558063
0.8728840480184858
0.9034274007864059
0.8605082676668835
0.7535278442179322
0.7273706378071172
0.7664105875097262
0.7257749016877193
0.8248930641799975
0.7975502762065572
0.8207806384867165
0.7674442163318586
0.8377713116870564
0.7537416773996536
0.892310338415158
0.7098036201516534
0.8063584476899189
0.7316295324237483
0.7264238060659663
0.7292618324422533
0.7306013784970448
0.7383453910517844
0.6773295468965154
0.746729173857695
0.7086431777021688
0.7641081014636216
0.648284848138785
0.7213184339984967
0.6584583585429343
0.6288581380418911
0.57051572706669
0.6002147792820718
0.6509847970335347
0.602875097542052
0.61216662624839
0.6121430465370227
0.7897252592311543
0.6182933360528035
0.6630703816368322
0.6472093602464457
0.6174380092104529
0.5881057942559005
0.5716131656033219
0.5958576811726686
0.6564190670563157
0.6491025395833763
0.5273170918226242
0.5895000807229122
0.5629098736176825
0.6213057954220256
0.5555870717118501
0.5546955983540055
0.5931474972682395
0.5843030474368175
0.5811186828620875
0.5873239818651965
0.6264466485779756
0.565165082265617
0.7360865699637468
0.5817636542828979
0.5812017630050137
0.5697761944904449
0.6529733937257415
0.5381323310789788
0.6124418755625464
0.5053224557903921
0.5452601359148693
0.5482790533714234
0.5743403461328738
