2.362169510240008
2.3002619606674095
2.098826457740395
1.983863054567082
1.8500874657539805
1.7224847412413093
1.6744785749228897
1.582280360209714
1.50499375838383
1.4578354632019237
1.412079757186258
1.3582773861611726
1.3495576199452588
1.3124715871871657
1.2572287305904801
1.2780558235326391
1.1443317266786175
1.2360736560669674
1.1465867195919062
1.1235077939215738
1.1754247698054952
1.0827886887416718
1.057448862844212
1.0899408341972692
1.0300037933003372
1.0626519124978666
1.0297263678471753
0.9880770091797896
0.9938145367203245
0.969642487680836
0.9432298852379914
0.9589459683485092
0.9567065113668989
0.9607895574751933
0.9353707702296554
0.9001055378822764
0.8863625135391381
0.8915521707504418
0.8656300355674355
0.9083917814834862
0.8890902878372533
0.9237224397006308
0.9203361610698092
0.9308173159125505
0.8672706342426835
0.8839324876001686
0.8124742378854448
0.9332816608392509
0.8458884791204124
0.8335961669113985
0.8299975774850056
0.8832401657939717
0.8291253307063109
0.8026980558398423
0.8353326430745945
0.8482758835622459
0.8515215628086381
0.792789653038523
0.807652083361984
0.8202416202065291
0.8374610531861615
0.8024769493728686
0.805937023868986
0.7662431041526186
0.8316318823653421
0.8472005430680172
0.8290319953374802
0.8397831918707319
0.8288251076154648
0.8674403673903958
0.8265233074024225
0.8229658163277207
0.8505315218761469
0.8561151299127348
0.8196239908030079
0.7844277992370022
0.8267695470980019
0.78966096518146
0.8734662532806396
0.8414123261430461
0.8217176831072304
0.841597392490715
0.7749686833399876
0.879205421847143
0.797347851619599
0.7639524893016573
0.7686155643432763
0.8774954923398935
0.8203377742676219
0.8434474401792903
0.807428615203329
0.7872235466530368
0.8718789081284954
0.8204916567559455
0.8293241262435913
0.8351512957530417
0.8475893426472974
0.8348111779826461
0.8700630047898383
1.0361156450335387
