2.3046764871876713
2.307751818067709
2.312432056779315
2.312333167738216
2.320534487438809
2.33289047259434
2.336387477862607
2.375263739543356
2.487018931443524
2.4133823616489485
2.3798274340902923
2.25295554300782
2.1210097530085568
2.0975765969343247
2.015393670197505
1.994859477516952
1.9038042551392962
1.7924796145433073
1.7619562285720922
1.7102325349856333
1.7083096914230638
1.670504266289389
1.633245498511442
1.5827649771028263
1.5660742369427043
1.5319323448618507
1.4979454392840148
1.4879683901549905
1.4907101149771624
1.4686496052772375
1.4460475011995644
1.4419040042123976
1.424060264210792
1.4035567326150882
1.3963914798323516
1.4127742484876304
1.3808655343997251
1.38444203935611
1.3639996271983834
1.344856202982034
1.3560662178476905
1.3403139729408702
1.3309145023109048
1.3509047244005143
1.3361350601645792
1.3228667993454417
1.3400215320526414
1.3126827034221333
1.3025202417069939
1.2915522198008884
1.29556554252175
1.264310582807869
1.2827655779328315
1.2978055484735282
1.2708049435524424
1.2793662411392115
1.2530390608842206
1.252098442642552
1.2411130120040506
1.2685078352120271
1.2515303424209545
1.2535565377800328
1.2336136660758097
1.2371458365659045
1.2238114654638206
1.232108968458358
1.2315155362627308
1.2438586293512088
1.2287023469900629
1.2382836611407577
1.2256343330547308
1.209233626438554
1.2197189201974565
1.2188022789681794
1.2304256790003198
1.1990107457349255
1.2105463393934213
1.1952308404977154
1.1951447216568478
1.1875273972559885
1.1939455080943502
1.2021925863187024
1.1774062931917275
1.1763561762821901
1.1889228695517133
1.1791084978231199
1.1878700290515924
1.1716563492823557
1.1790253231479864
1.175527363446108
1.1780856616178137
1.1770788313476903
1.1765057402811232
1.1689003151693163
1.1788687493391097
1.1769706732148577
1.1657963896253307
1.185172983415567
1.1607453041015916
1.1686929623792126
