2.3051236951427096
2.3104403580829596
2.319303725175797
2.294399246288713
2.348355091301499
2.294491420126265
2.3608479727605345
2.335040813798358
2.3969178867947525
2.2916202119960905
2.110156918786893
2.0085403448457173
2.043581179752471
1.913525151598985
1.822935405050873
1.822482115144183
1.7519156074827644
1.6769036373515038
1.6804271313794859
1.6022834489299993
1.6163154946770637
1.549528787849815
1.5172656721370235
1.5518284747554998
1.4984088012367298
1.4669910168192188
1.451057617831382
1.4400801210646417
1.436542830649455
1.403408356532929
1.3940937344435673
1.3967036593491864
1.3779585771499925
1.3747094163469449
1.3524571528100664
1.3897733012582087
1.34635132437299
1.3302469595222717
1.3178497719916569
1.309779738924306
1.3216145881422006
1.290712425663213
1.2982789129967902
1.2818560585094865
1.2769805663710188
1.2918973584083995
1.2869214962242514
1.2542935526295074
1.2535069748094887
1.2523518204689026
1.2470184541811609
1.2456125601841386
1.2393051549127907
1.2166540220284918
1.2349955120663734
1.196733635701951
1.19770343364424
1.1996606364371671
1.2076754144802215
1.1947768740593248
1.1924078726464775
1.1953875661655595
1.1804904174652828
1.1852131527700243
1.1814801301925806
1.1658543538136088
1.1578408054485443
1.1740411007480256
1.1727206779133743
1.1614795380337224
1.1718877231239513
1.1679507027006453
1.1735842402573604
1.1414684406511344
1.1344522879381849
1.1628124649357643
1.1332174771150965
1.1464624067021023
1.1292742885601748
1.1471974101795512
1.1395151478469752
1.123642317049063
1.1260143962635356
1.1064526119809242
1.1190799364618436
1.1093792649591045
1.1067609399746938
1.1056482890608963
1.1081272116891898
1.0995355320584244
1.1152891585022022
1.0987246845178544
1.0899515440509577
1.0982356265092352
1.0823707550194612
1.075383211776709
1.089148584065164
1.0863713318375265
1.063599340475289
1.0824824639946033
