2.396065452296263
2.5738983579501986
1.9631079837774774
1.7742170285267436
1.6415236482195035
1.6479656491309973
1.4473442849080274
1.5925637513968596
1.3567373539991439
1.3183145735673845
1.1949092309186413
1.4678032603233484
1.3939151091940085
1.4338547333030944
1.1202024688386614
1.3339025382023708
1.1042617699902528
1.3563522051094443
1.0348673280636975
1.0290338913346553
0.953396540918168
0.8277536045973468
0.9367220629552367
0.8031656381430899
0.9019545217987838
0.9888592252306118
0.9018615106488489
1.088532986534629
1.058507896153031
0.8851625273941429
0.8069566095330912
0.9148723205943017
0.7574975579787212
0.8898099171128243
0.7708595161605033
0.7975654385651753
0.7312239493913711
0.8164435099264619
0.7294134011693821
0.9083275191343514
0.8614746070211861
0.8948000318305508
0.7568273111513466
0.7949546266133618
0.7972311829305758
0.8955179289647728
0.7869140923402871
0.7893339237969392
0.7696542870846523
0.7773738989404811
0.6474128714792288
0.9248218395907408
0.6375441632832691
0.7821614918815103
0.683171965514019
0.8422954511490597
0.7170548769319134
0.6835159545491456
0.7422984718896781
0.6342586546566835
0.7250497297496553
0.5930911515169083
0.6232685632766433
0.6003257513615736
0.6205321850290724
0.6310357100265042
0.6787942055683986
0.5980728741284389
0.7295321005924492
0.6300683894734473
0.703123708249657
0.5398752518520233
0.7496484819870846
0.5661256097874064
0.6636111436376146
0.5784984289840528
0.7866867949628527
0.5288358050736652
0.6333641115647213
0.5522382604848047
0.587659818636384
0.5904250277835092
0.5451810193859088
0.6654705826643925
0.5517747856818946
0.6403796152704081
0.5629505404051701
0.6796554943938165
0.6472795599964773
0.6744374898588581
0.6543140352531603
0.6010261473192531
0.6105994018399792
0.6138464131742526
0.587375310670798
0.5616691338408525
0.5201136354048541
0.5708639286695771
0.5086988849434882
0.6658517036848007
