2.42418534284944
2.173338616729542
1.9521117946904176
1.7563723697783842
1.8220645189285278
1.6184645390054981
1.6209113605462822
1.491672580409202
1.4790739785334108
1.3657089152913184
1.3521267608472496
1.23096216028663
1.2383983093462172
1.2314200545572171
1.1131815371240021
1.064130222341817
1.0937773327159275
1.044420215734251
1.0741758164326856
0.9909148402274794
0.9787802441864256
0.9724971166082249
0.9423652359634448
0.934186701941642
0.9152693718102327
0.9041638313585026
0.9425696757189028
0.8654788421217803
0.954620539003117
0.8455909205849763
0.908634378272257
0.853340283700615
0.8308233649108061
0.7949616962177738
0.8029291075506028
0.795153059017886
0.7448922826605997
0.7262051310508874
0.7362067188806595
0.7244563998690077
0.7894345738325909
0.7361247926760631
0.7754498207645052
0.7023711367777199
0.7643996499905921
0.6933837206500351
0.7219230790806425
0.7011008397409111
0.7130440342578159
0.6591135086906943
0.6719395176620241
0.6443715699159416
0.6293451326667883
0.619349172540531
0.6294782118053194
0.6366884846975849
0.6009979064866995
0.651064817313176
0.6033754258588621
0.5915031632420363
0.5821740784842497
0.58367856672615
0.5675062157545879
0.5762820463081834
0.5709303849062343
0.5380383762204723
0.5874543624698736
0.5830060835856541
0.6257905052725676
0.548695119038509
0.5537195866274985
0.6131926214998695
0.5557163530474256
0.5554797964490903
0.5502083368931606
0.5261039964522526
0.5264967138030726
0.5519180451608767
0.5354375462433335
0.5841911189305554
0.5355573135196783
0.5199742610477338
0.5324612693611983
0.5415501435091541
0.5024664333671521
0.49949206402347346
0.5053917505558888
0.5172079293781026
0.5157931744103219
0.5239044244691824
0.5100429119767657
0.5423125343717587
0.4986241892644554
0.5282800504166609
0.5038569707209897
0.5596902315404005
0.4905174183807555
0.5387062484481532
0.4815622708600038
0.5135979119000161
