2.408308196219669
2.3967924148413786
2.2536945874523964
2.1259679505779485
1.874839220077369
1.7505007344446364
1.6592455737909693
1.6027777680925503
1.4574617200596318
1.4089787598628147
1.3217151013149577
1.280882823998761
1.227694053558787
1.177687019679197
1.1540305303160552
1.1311153864404957
1.0693625105414422
1.0682091401640776
1.0361618862789908
1.0119458342054088
0.9936797155696115
0.9761465742329883
0.9835810262686128
0.9970393492158052
0.9559708807119138
0.9343375669922799
0.9342136200825879
0.9033560525080201
0.8830816354721215
0.8915994717816639
0.8863555060070791
0.8747270824802909
0.8793092252342565
0.8695473253347312
0.8828976720002046
0.8400960769622948
0.8532109571869966
0.8967074998624766
0.85458983566351
0.9197809054593372
0.8677392955038957
0.866602263822677
0.8813771861753646
0.8848867103172715
0.9374076120413033
0.9000434315508339
0.9097281403981956
0.9060771171074764
0.9111568398156743
0.909247697538631
0.9290327873958903
0.9528203921712888
0.9197502136230469
0.9475613240223781
0.946660332619005
1.0008193413922741
0.9931795285765532
1.0669756581069558
1.0093626698870568
1.0598103586275867
1.0289654336917173
1.0453031978030114
1.0458638580741397
1.0478688569585228
1.057412592848395
1.0643797247273148
1.1006072774814193
1.0590606457108904
1.1519422918368296
1.1448379299443239
1.2225756474361298
1.2098660814534328
1.1610366728655093
1.1829606712244118
1.1250365623243295
1.2499171499234096
1.2053199182650087
1.2138823665631044
1.1903029805535723
1.193125658354182
1.2640302598856057
1.2881945994249575
1.2468703886505905
1.3328052254239464
1.3192074579797732
1.3153313497069534
1.3059356436607943
1.284169122291978
1.3112271982393446
1.3590748393611543
1.411234546998504
1.3072228970800994
1.2457611986026642
1.3911228825332254
1.3161377390478826
1.3585540284017088
1.2888506578791672
1.2882547519009584
1.3649717778157278
1.4934897582242443
