2.3038173602644805
2.2933479615837147
2.309176507269501
2.3181317338518275
2.325206894783457
2.2679566015863113
2.349175954320628
2.24655088041998
2.428267585244148
2.2636875286223783
2.2528502136279065
2.0661029679000755
1.992566129204574
1.931260805980415
1.8708157805120869
1.8887693373260983
1.8002086498175458
1.7772957861043845
1.74839896381281
1.7076835116003728
1.693088164754734
1.6728529223970547
1.6096426893951028
1.6025576075171208
1.590828251686825
1.5623016964857745
1.5324979344750667
1.5243193154122419
1.4750035583593284
1.5042914228074868
1.4380615926851892
1.4306752081889256
1.408465562352709
1.3792168790367758
1.3755347265559397
1.3715598643965023
1.3426334956649002
1.3226962689381496
1.3193086575550639
1.3207580640817145
1.2972635228163119
1.2827595373627487
1.2701518634322342
1.2726390783194523
1.2564953968023798
1.2497729268043665
1.225133173404985
1.2232783026755996
1.219983133161144
1.2147275228409251
1.2000753112659333
1.1975123457088592
1.1879351989478821
1.1766003977720905
1.1808811437552142
1.1730522528575484
1.1551470395865713
1.1590423223319326
1.1454960138175139
1.1353788622625314
1.1398408872306727
1.1220985575086753
1.1244092678568165
1.1118161993421567
1.1126972440701381
1.1140861055653566
1.108858601682505
1.0935608137185406
1.090489854098885
1.0840614673438345
1.0890634568633548
1.0757710030124445
1.0618039540424469
1.0647507606038622
1.0565031478359441
1.0560909745040212
1.0554649028808447
1.0433126482993933
1.0509408393483253
1.035829473452963
1.0379314639006452
1.0338020210812806
1.036125899120501
1.0165550032998347
1.01686479103793
1.0126551978147713
1.0092256110944566
1.0112926808132487
1.0113234151700499
1.0088481823350215
1.0105361892918872
0.9998420526267616
0.9920479898240157
0.9944438493935166
0.9852013026073481
0.9874974656256901
0.9769835734063652
0.9684362582340362
0.9759570413334354
0.978254525145148
