2.364751358700406
2.142946734549893
1.9752721270178533
1.7977286098868983
1.7466082922212638
1.62684096120725
1.5067753032514244
1.5915686241380729
1.4821980508269779
1.3952297853056792
1.35108279118872
1.4002088847433685
1.5425765187876999
1.3426034511274594
1.2559393162180663
1.3030151793151905
1.1441342921773339
1.213275450809746
1.0743227342891086
1.0594166076866685
0.9862881819154047
0.9475160639756804
0.9502829742279781
0.9187918123166272
0.8995906608119891
0.9598651759943385
0.9477240997514907
0.9980977993861885
0.9798159884039763
0.879448748318253
0.7910569553162642
0.8407609417180347
0.8603274651393769
0.982065519709496
0.8214345578175442
0.742639815731413
0.729228527682602
0.7972024967715998
0.7172137994295472
0.8214972770897446
0.742717333849828
0.7949198095282172
0.7264212481914811
0.7858830217722874
0.7086856177278386
0.8250765052570659
0.6762563612810366
0.7329187626671639
0.717623772894501
0.6708428618634582
0.6617564528611055
0.6671973172646419
0.6881588103285261
0.6346169820257054
0.7837131053778776
0.7057479618081621
0.7439718656479173
0.640228525658322
0.6966449187439718
0.6155003504768298
0.5913658844437569
0.5450211911444451
0.5566941722752942
0.6107717139326083
0.5708391093144751
0.6205977461520275
0.5502522663705668
0.6899570114673323
0.5619006183496706
0.5981375003696248
0.5611288602564745
0.5612328264174188
0.5433618951185494
0.5431610630576018
0.5862378935525372
0.6624260933915521
0.5654147100296749
0.5267706859833116
0.528023115199083
0.49895863282452724
0.5521884851964416
0.5191033331641726
0.534824451443496
0.5646649078958353
0.5425645075026592
0.5602247565035607
0.5812368799167075
0.5471812932734277
0.5703600583372602
0.6879562198356458
0.5508572512371525
0.5272148495456975
0.5948840087386453
0.6402230834125713
0.5084094914850915
0.5480882563408772
0.4780944843960416
0.4977742765739465
0.5344528118326406
0.5038002324142273
