2.305127774074579
2.309729208612138
2.3165997760311052
2.301431141081889
2.322741484186452
2.313851910791579
2.3377861885508153
2.2562792832684364
2.3994525268578983
2.1838670612140825
2.279459761965806
2.1209301060172403
2.0086755646262198
1.9239891615642863
1.9070981270188738
1.811808536007146
1.8494762607440827
1.765582588827534
1.771237582917426
1.7187989562939687
1.7179847500126832
1.6874272504429908
1.6531199095355478
1.6601972329388759
1.6350309400801446
1.6082092629876106
1.611088158218724
1.5651800351537717
1.599066050189316
1.564678650752754
1.5376214449572716
1.5243623317426938
1.5188390229158342
1.5270382469626749
1.488823005348254
1.5289423002558908
1.4831619953653614
1.4832363371636457
1.4667436833594256
1.45849447721129
1.4608454051291107
1.4497945817412845
1.4384135858268494
1.439632590409297
1.42199735125159
1.4347587330326153
1.450561856767934
1.4368622158743014
1.4225474573244714
1.4257493421530267
1.409770454570746
1.4081573835603751
1.4273175380791827
1.4143851395625218
1.4221724681793504
1.3956673221223672
1.379013612012195
1.3857061999618627
1.387701589590425
1.3904372324609453
1.3941088102425738
1.393690819193603
1.3821584084990677
1.4039976642389966
1.3503727624370794
1.3622472673464732
1.362106232126807
1.4000685738909775
1.369101179633171
1.3645854231658254
1.3812394248452156
1.3599947706149642
1.354824494404398
1.3552497648129798
1.3430499096584927
1.345878988314586
1.3513293661129702
1.3328900640937174
1.3447695241612234
1.3398808662299138
1.3417921719277741
1.335418415677016
1.344193955135953
1.3320330161197929
1.35560597355958
1.3264149024987677
1.3489097387168059
1.332905983469289
1.3425623432845826
1.316327498976592
1.3194821776857801
1.342914028532186
1.3087131927727134
1.3206124882789174
1.3099443187379534
1.3150797076286025
1.330814055576446
1.3201899202006637
1.299794758581052
1.3204324123965707
