2.3659833282422107
2.5684473134909465
2.3386974911780873
2.2445280392458486
1.8864401259999366
1.7183004321566053
1.6186905848752162
1.5249186845342064
1.423377911755993
1.4493992784220702
1.4174178155364505
1.3619878861554868
1.2926428131996446
1.2059700173936831
1.189465379259389
1.256219670271418
1.1370816454765902
1.191146736691712
1.1380369329148796
1.1106359138610258
1.153877636809258
1.1232079761043476
1.1434400954823585
1.137525196288042
1.1966825222513477
1.3142294021928387
1.264115913658385
1.2337470088794733
1.3288469477823586
1.2638957329616425
1.3636523185262255
1.4501897590175556
1.4192832886793052
1.5187148410043898
1.4901406142362363
1.4826504159125553
1.550903224261703
1.718526219486431
1.719080947766638
1.740392270361542
1.688918535876426
1.73761691333382
1.864491843873528
1.7819398823817065
1.5402618118911793
1.7581150205272018
1.7053186286027264
1.721829062814166
2.15129989955076
2.176687245156355
1.9872062517579194
2.182669120989028
1.896074502331436
2.0290411672774393
1.8014493983262663
2.029567794435343
1.8215259207282097
1.9870973901384195
1.9903852939605713
1.8771591702843928
1.9438642271005424
2.158984810683378
2.068097899673851
2.0160161173267728
2.0836154921039656
2.1326347262996017
2.2040204007154816
2.120498932091294
2.3118790183097695
2.35606722695053
2.1213473795325894
2.1700419134395137
2.130502428978112
2.2095151927061143
2.3178875362797147
2.020445071967544
2.426517667284437
2.150875894127378
2.5205807609922566
2.6474939523988468
2.4641355951880195
2.569182277485064
2.0948676949094054
2.422076762102212
2.4669490475563487
2.352603132557717
2.2153134338415352
2.507236230145594
2.4992555463389987
2.6841131881543787
2.4323236691723964
2.2812783042336724
2.572658729401364
2.672389624984401
2.8280827133518875
2.6503311122299
2.7741512675194224
2.716490843493468
2.5010353288832743
2.9270463809845553
