2.3427045132703843
2.6422614033814447
1.8432354813168763
1.7760830798726173
1.6200013198670309
1.5831505667631793
1.5124812877861558
1.5404921906768896
1.4321552006302365
1.2956058234925483
1.2457825139070013
1.186894894405535
1.2951974656171859
1.1102674166867688
1.1541816903527375
0.9555173664335992
1.0554586174381766
0.9117850384135155
1.0571341730986432
0.8614356445658738
0.9719013336357797
0.8080071136829959
0.8970594182135952
0.7800643047329726
0.832823610609504
0.766429749453903
0.8861893829266736
0.812878578141996
0.8775458768674522
0.7620387781577506
0.7840552159175751
0.6986171443750904
0.7371541056663368
0.6621054934847886
0.6963012078005797
0.6784228234534051
0.6785867333791817
0.6231150247488811
0.6203609387965718
0.604492775573852
0.594760464634865
0.5945040818991935
0.5762500263703098
0.5805200235858844
0.5794954436599828
0.6064235349749304
0.5692898112877159
0.585921735140928
0.5555682880863263
0.5946869210452791
0.55776263194479
0.6051429337377001
0.5411561890772194
0.5594791189120834
0.5416203773325416
0.610086058165617
0.5552399830453715
0.589699703796654
0.5662363932770529
0.6157859746058276
0.5628964249875136
0.5852201772723228
0.5227837785603894
0.5080205215390321
0.496174727750432
0.4975016355324703
0.503581006151096
0.5115095755666684
0.4905969458780471
0.5029951496298906
0.5236437524769716
0.49765657059326296
0.5113748129765698
0.49636948782547263
0.4831735779335544
0.49108466705319226
0.47616303565016216
0.4814093565675104
0.4731085211228413
0.4682996126876515
0.47186865947049134
0.4789182563686067
0.4747499247455293
0.5041170630865036
0.46015933250925345
0.4698907072377053
0.45691126585006714
0.4505695916095357
0.45949276560431074
0.4500995008808792
0.47026003811769423
0.45222320621180684
0.4656591085112019
0.45292210408077116
0.4875067157350528
0.4571344982476751
0.5138280870997982
0.45314617417040903
0.49376490199641815
0.45721485992525795
