2.316852546801233
2.6687660612118473
1.9962230450028826
1.7299178193329245
1.7057660590311525
1.5696315795752653
1.5261119338357525
1.3612582167242742
1.3712968704806772
1.2371290762713
1.2062482955349478
1.0690589945787077
1.1303034557658396
1.0720325920991838
1.1542561950197645
1.011540855192075
1.1555841098165816
0.9605723657425801
1.1085695571200862
0.888003821205941
0.8490750353047802
0.8131032183671453
0.8248966173001915
0.7669192301999231
0.7384283996311722
0.7481847194729337
0.7965038646558288
0.78379821226855
0.7952819398254346
0.7801224350169965
0.8118611839926166
0.7496933314450986
0.760153483243505
0.6954254868683541
0.7362300514415571
0.6421267674986724
0.6890651670990476
0.6361658960391002
0.6722325559254665
0.6723767444965946
0.7813008475075861
0.7090922347299612
0.7257622079864429
0.6484076200397151
0.7117320971124491
0.7088906244867167
0.7376163467100472
0.7397160505413249
0.7787959516807726
0.7279937248321096
0.7626455944434852
0.6758507524326349
0.6315200630646602
0.5778915335418312
0.5856166663253384
0.5955644963653224
0.6021104067753834
0.57746515987785
0.6203760424047519
0.5364717648477312
0.530510040035673
0.5331348827120604
0.5573545951562323
0.5296810714492373
0.5687036158362772
0.5355377484848545
0.5703751815921941
0.5651159309277869
0.6460808354198553
0.52339171480601
0.5270761061625876
0.5383622550470814
0.5143075926098853
0.5592092376226073
0.5536227809965231
0.5289815649105485
0.5360175998537404
0.5110337863302534
0.5332183668947523
0.5580506987252812
0.5828461345213993
0.5131830611046712
0.5334371062600689
0.502080133576302
0.4682937993365488
0.48052563940643506
0.48356056839797146
0.4833407469425991
0.5121648832681073
0.5049003210796672
0.5209828439601667
0.5101377097474542
0.5088800259266689
0.4729868230546356
0.5051988630917421
0.4755548516846007
0.49190843836137443
0.4777370099049465
0.4969040232289369
0.47831767617137566
