2.405472305929585
2.166929507711131
1.9449803927901443
1.742102257005728
1.7368330469556674
1.6060342993705896
1.5881178986494708
1.483812142329611
1.4136253853512417
1.3464944567649988
1.305444609967007
1.201721060048243
1.200649070891605
1.246669662985832
1.0764787910850184
1.1254417953217866
1.066868037934516
1.0877013422880963
1.093527170123568
1.0028557682492931
0.950118081964505
0.9540648475574081
0.9388558147059884
0.9141774063657044
0.8965536621725483
0.8833162275848875
0.9449842587398116
0.8435616933616104
0.9007611005169571
0.8160735049824805
0.8710258918203366
0.8161624567523883
0.8097158936178608
0.7847547597566228
0.7684599413613605
0.758656817067201
0.7389832066882188
0.73120388863193
0.7168569420553317
0.7007566916335161
0.7876012249357381
0.7038706558145535
0.7620598506775631
0.6842916860322285
0.7894383253185613
0.6926705263982154
0.707031691719772
0.6709572925309467
0.7253187708793931
0.6502858979307162
0.686167301076233
0.6392243269142831
0.6475667547268472
0.5761099723493976
0.6323611170622954
0.5790143077540549
0.5767362549616273
0.5915433616395209
0.6039456119582911
0.5596441535433386
0.5556252951834612
0.5581472576803462
0.5445099980777995
0.5697376466101143
0.5611086010363451
0.5350176572420036
0.5705357261334255
0.5545359480722695
0.6357545962758885
0.5197646350237974
0.5410676379302505
0.5983914102718328
0.5592201659633855
0.574350556370559
0.5376437833164908
0.5282055595118529
0.5150794452352888
0.550198162816892
0.5276951558271031
0.6107663591955877
0.5410481479707038
0.5297006469243651
0.5336666503909288
0.5037757867270973
0.4931668829006754
0.48385394796444353
0.4995798757121821
0.49020910177640853
0.5106209284940343
0.5218429093717769
0.5116659475929418
0.5203371355488042
0.522806851727188
0.5307000558467427
0.4994966150469081
0.5317487535393162
0.48495581252559733
0.5479534089944924
0.5023641702096173
0.4959071170372568
