2.3340032465139013
2.547092140100564
2.500350171593344
2.3644864103596683
1.9329423167902953
1.6603475892619721
1.5315355799000734
1.5185262465932567
1.4328427474210217
1.377406278992914
1.3323503876947294
1.2484062515246641
1.1936340100446325
1.1700988559965875
1.1212032562608172
1.070942028312926
1.0884526128981524
1.0471042462974598
1.022460888525483
1.0413147856475442
1.0171027084824387
1.0314902792311018
1.0804920124400192
1.0443096229225208
1.0705132028859132
1.0978557167539171
1.089229932256565
1.1226303296484006
1.1141371446050656
1.1894445085221794
1.2480847782390132
1.1632931688029295
1.2297825782921663
1.2776406194753707
1.2752331085265822
1.2383981783678577
1.3360199096855845
1.3676715686822394
1.303164703071497
1.2984738270188594
1.3233981869023317
1.3816613752371187
1.4042352251945787
1.4285662318490873
1.4947832348240409
1.527573624613938
1.5016366774868812
1.5192745582313294
1.5704314818807468
1.5148937326328011
1.6040185378615264
1.6066976645190245
1.5632845372151418
1.683228545887455
1.6316442208684934
1.710050447731261
1.640651360818535
1.7029280867546228
1.8207811306995951
1.8212073540231983
1.8206084252922399
1.832248485012419
1.733118481696791
1.934730512321375
1.8728531029573672
1.9586152278693618
1.9047863992156497
2.0048518104917683
1.9641682805529066
2.014639611456804
2.1111435502957385
1.9490010578920887
1.987203264692027
1.9635211016721785
2.1147713175245153
1.9996584448844763
2.1537388677050355
2.2081368941410333
2.0779904818079276
2.2897409580315755
2.331416729149545
2.34204925852976
2.257886126542547
2.1825113501518394
2.2347086728758114
2.3973973427608515
2.3098154280595717
2.3997472099437833
2.2243133130346893
2.434458435720699
2.281989630620191
2.4856836651540863
2.4551820929642694
2.527552173395825
2.4701910140408074
2.443757176399231
2.5537576326139413
2.553970918533908
2.563066558473429
2.63445876358421
