2.337351247763178
2.5252319414904165
1.8230545262622226
1.7651678430047004
1.6832061702278769
1.635208643166123
1.5585434846817308
1.550246412587014
1.4402514642970576
1.306155519880307
1.2468875627608815
1.187025799113474
1.317975043111546
1.1038957652013013
1.1763694339497075
1.024339028604471
1.1848574014985638
0.9472378443001183
1.2716605522830016
0.9283301864460016
1.1969603030544937
0.9011376245765929
1.1071445911553255
0.909214668972477
1.115896983511129
0.9481032316092473
1.0948113696590351
0.9672299744976554
1.2124794216672325
0.9719155780069387
1.1439643650297906
0.9956919919153687
1.1441671563561555
1.0124890466404568
1.112720731337359
1.0231563285657554
1.1668046678707098
1.1703830942226823
1.0782571427381722
1.2448546347344758
1.1445443364465313
1.214485729196269
1.0808434471203263
1.2237212092253813
1.0991418224990748
1.2975209594532182
1.223535048733851
1.252699060804525
1.2321596046921555
1.2798360772193618
1.4333478485702709
1.351438408824289
1.3325105886550466
1.5124980636463043
1.3606319522402088
1.396467015242121
1.3093340040012529
1.377871371758212
1.5019444189253885
1.414722051969759
1.6197273465478497
1.4259510556603694
1.6083594382188882
1.590759553727071
1.6277082338454618
1.6187585516340415
1.757678339435796
1.5488435694366505
1.809328575043162
1.6433769008915895
1.901075436810779
1.5241679887103428
1.9239331013078143
1.5669036978369306
1.9889358707294342
1.6147961665870278
1.9651415689735656
1.594589552681917
2.002880834470129
1.7972618956474742
2.2476668562858726
1.9805546756003314
2.079379861521873
1.8517696515769715
2.20701813394097
1.9411099663205966
2.0456722511607373
2.2936836291270652
2.0001153915551058
2.4356459113442974
1.916310757588429
2.7816101320230278
1.7163619736956943
2.9249152119751947
1.8331759522674949
2.781253085014926
2.0276787660683797
2.8523498857097263
2.0234300665035367
2.79752441728191
