2.3307497152097665
2.6549449331441504
1.8795832236101673
1.7615908672855158
1.6350872873500655
1.58474677535379
1.5149485996574352
1.4916433354092251
1.3942264652555916
1.240616236522699
1.2253131756357327
1.1264000033876698
1.2502862526352998
1.085338985844023
1.117641862790296
0.9509666038166945
1.0439142808792696
0.8985603246719215
1.0599023346688337
0.8454941792093265
0.9638397154534698
0.8041698268264722
0.8810293769380849
0.7809353641643646
0.8051182477717187
0.7444953145874533
0.7951295797232609
0.759304786563679
0.8159697494309419
0.7456600123150333
0.7599461632929031
0.7066070378585986
0.7011486331748354
0.6705084875890404
0.6806386735788577
0.6874931633092796
0.6906693999175053
0.6568502685067
0.66221789019123
0.6321604211998594
0.6374838071264279
0.6079869169718141
0.6141985607375006
0.5832106234731188
0.5840763525598368
0.5815061905961127
0.572603558753706
0.5717008843733247
0.5666326628938602
0.5612893635110491
0.5476064644991212
0.5522679929520674
0.5525595686238283
0.5501799489472322
0.5367040195662505
0.5254875807815297
0.5233253157062895
0.534985627433297
0.5191645627948129
0.5429385700233423
0.5158281234229446
0.535230138499266
0.5106692820028135
0.5077557109153954
0.5118742660162555
0.49319227353023115
0.49433741353120014
0.49472137773112884
0.49250338155372886
0.4807607534394902
0.5165979219659879
0.4844879789906702
0.523464106450415
0.48756770248625686
0.5024782906102526
0.5066505129549913
0.5178286313630973
0.49228863332681594
0.4960190792372272
0.470190741074313
0.4952763714797937
0.48009029277570686
0.4896993807926299
0.5020485957906504
0.4688810581804081
0.4708930638375556
0.4758213694403126
0.4519897414620515
0.47595235415894516
0.4456526718701527
0.4929711777882971
0.44067923240600876
0.4783881226447737
0.44394358954611857
0.495099265199558
0.4448597500468515
0.5083998660942551
0.4426733501208056
0.48405535746911527
0.446878700499322
