2.3089800761763457
2.3013290630024708
2.3219658341377403
2.324160905400659
2.3128265150033744
2.3124196529388428
2.288896413365747
2.141748975796305
2.081413211336561
2.054695551562461
2.028273550568113
2.0326416515241004
1.995234914646027
1.9001320266419914
1.8937545361792205
1.8851337713800418
1.8166762484107049
1.7655616269749441
1.7586054710825538
1.6915206035990624
1.6854477346323098
1.643217776991
1.5965346454814742
1.5591577769844396
1.5652023599405958
1.5412555857069175
1.5104418400746242
1.487220095980699
1.5074188982605174
1.4691735900891054
1.4135147750757302
1.4238646455631134
1.416996322619687
1.3901070379147864
1.3779125965324936
1.340323440588204
1.3270509167081992
1.3119330170807566
1.2908048041307243
1.295183558372935
1.268524781533867
1.2739534211006893
1.2632024846259196
1.2806604747559613
1.2611724419198977
1.255178083659737
1.211764450665492
1.2380987265307433
1.2328038211840733
1.1757869097837217
1.216658775973472
1.174389707434709
1.173300089350172
1.168889296662276
1.1762933154015025
1.1775019651005982
1.1650794038347378
1.1459956662670063
1.1248748439132787
1.1080695808313454
1.1023861222965703
1.1012437058861848
1.0892710328861406
1.1002635747004466
1.0787343333481223
1.073168179411797
1.076451151234329
1.1100120441928791
1.0738605124175928
1.0722066725894903
1.0411547775481158
1.0420155836518403
1.042353963396352
1.0408841413297472
1.0383517222040017
1.0732547720526433
1.0295157109855846
1.0234065803752583
1.024016329057657
1.0075126730712356
1.0046396581989945
1.0179174375382198
1.009758659229157
1.0160038790125756
1.0134820038345969
0.9854202308472554
1.0342728074189205
0.9812338337017472
0.9902927530039648
1.0110988461287918
0.9836260702959292
0.9743369028067134
0.9764724966067417
0.9817476629451581
0.9627019626319788
0.9616234215201845
0.9613659112316788
0.951082237966501
0.9550259310728425
0.9700996898541785
