2.3997924039318304
2.134927262925798
1.8891575928706272
1.7465846758739205
1.6575361376355409
1.5539920815996304
1.5035799794895635
1.431206605996296
1.347650005559253
1.302703871848477
1.2325994121800563
1.2076820507171049
1.2096328663218552
1.1422430052878751
1.1287040509236086
1.0720085752238133
1.0632701208637019
1.0381390721934616
1.0591339947311742
0.9653367912693388
1.0297028418559178
0.9286145226211305
0.9819878222076757
0.9067688299592134
0.906314239380466
0.8622781630534275
0.8795842452413717
0.8687687816133924
0.8918564034875032
0.8047823710426404
0.811065441863552
0.7650153559104652
0.7769013658450667
0.7622653310465964
0.7302734848040684
0.7170316713630773
0.733072582134016
0.683041672418072
0.6940750631557149
0.6700820672284266
0.6597764465459592
0.6598049115603137
0.6414868095118529
0.6375000237659284
0.6287951964861268
0.6437447553227662
0.6151154965731749
0.6445979084938195
0.6036921023942863
0.6281221476709766
0.5847606042008491
0.6176865685517621
0.5802279566503634
0.6061335936853081
0.5751612442693893
0.6225650173843287
0.5776128478490623
0.635389020678344
0.5686034886700333
0.6658874091449057
0.5694345898309331
0.5986098381364422
0.5470567494630814
0.5598177055644381
0.5378325897607075
0.5376306473259713
0.529482604496798
0.5384532621332035
0.5300065074946471
0.5330056381073727
0.5294798313622262
0.5453245516415615
0.523429394147958
0.5432210078664647
0.5095474661155871
0.5545375421168698
0.5132876947806899
0.5313589855743821
0.5068030637350811
0.5138057710448648
0.5062809876955239
0.5069343786520563
0.5189217236960769
0.5004685691967132
0.49135613356046615
0.4882228492171901
0.4981873742524226
0.49865612871707626
0.5119479731389671
0.5125209366440013
0.5086822620812496
0.4925726467067269
0.5096211156268029
0.49502157642962824
0.5095469515035107
0.4899910750092974
0.49869087813006846
0.47867955219973424
0.49037168958004873
0.48161599163416846
