2.414854026903772
2.3410352172365614
2.15583263688786
2.0034529464260027
1.8454399723915538
1.725250024704417
1.6739214074080158
1.5974868163941012
1.5377594938703403
1.4005167628549466
1.3914415449093862
1.296542791044636
1.2865791503031543
1.2523904355468265
1.178762957928287
1.1423308143190518
1.1353050185616609
1.0971197113869295
1.0714202397947858
1.0399005925579436
1.0487255374337459
1.031277360430189
1.0524771194549123
1.076413183834902
0.9985883907907328
0.9714597698989188
0.9660127808333961
0.9428221397339158
0.9675348256803622
0.9299249929986941
0.9165737340404729
0.912310786307997
0.9331074907521534
0.8768055617429649
0.8752512658477589
0.9069329500198364
0.8824448435549523
0.868869660386614
0.8816710638392503
0.8237186858228817
0.8475378749856524
0.8150377941739028
0.8284474094961859
0.7917341777853145
0.8012328846439435
0.7954408325207462
0.8282799331625555
0.784827713753767
0.7767808283590207
0.7996394879119412
0.7912609263969834
0.8141260794393576
0.7774369722338998
0.7922751315080436
0.8054935205134617
0.7692622240561588
0.8346301533613995
0.8080171948405588
0.7837229638722292
0.8009498481917533
0.7679969806959674
0.7751633688143105
0.7747621061695609
0.7893421266488968
0.8201060800036047
0.7675614550614812
0.7991406264578461
0.7943816247639383
0.8002063018880832
0.8158424210016895
0.7702531865827597
0.8301806932042359
0.7725974420073686
0.7972693037075601
0.8492443610908119
0.7886777406285523
0.7991211725648042
0.7709335086831621
0.8112440002951652
0.7930807957224025
0.7887833782821704
0.792794545554811
0.8290640371999923
0.7816041182180878
0.8134102745420614
0.8253681111107966
0.7801371317380553
0.8243622772253243
0.7741550465298307
0.8500113749200371
0.8787115328251176
0.850461663334233
0.8314904840129196
0.8472449219530556
0.8348157310941416
0.8573772990779512
0.8640894255820354
0.821943599137531
0.8663356423757638
0.9195624810115547
