2.3032555276421225
2.3070193916369397
2.306718798959331
2.3090628089418836
2.309488578966469
2.308723193065376
2.3139256641363644
2.343094435467082
2.3683594047643575
2.323302337318469
2.1505027720882635
2.013596735182841
1.93338228107258
1.8535092241445166
1.7887509575315341
1.767304103085949
1.738074887330365
1.6851113601854653
1.6465176313546053
1.6007185969383093
1.5908123558493936
1.6007785022638406
1.541046554115927
1.523678614835071
1.4978905969364629
1.4855801246728106
1.454770653870455
1.461003500185195
1.4283525381877924
1.4203091115708564
1.4028709656114031
1.3955261206171314
1.4039565499421138
1.385615657089622
1.3705374526370102
1.352841652882327
1.3515019917943676
1.339517523528664
1.3522211191760507
1.3341802138431815
1.3186877662209189
1.308779089314163
1.3199110722086231
1.3038062457066433
1.3056971104281723
1.2839085372390262
1.2732194422916243
1.2817957818887795
1.2700412645461454
1.2667255378832483
1.2563562545047444
1.2573449854638166
1.2569569941538914
1.2557150239397765
1.2473529076120655
1.2443122271519558
1.2352685058952138
1.2541316360425039
1.225147226433845
1.232469396226725
1.2314649509016875
1.2374314369669386
1.2347401050245685
1.2299998713906404
1.2084546567528112
1.2162031660414045
1.2130095294326733
1.210921822080187
1.2155407059724164
1.2071535496195411
1.2066378547887133
1.1967429142848702
1.2007569940226852
1.1963518091068146
1.185625561862994
1.1946752587701106
1.184162381727984
1.1853276012809413
1.1869191580517278
1.186431760620919
1.1834268509202701
1.187838155372887
1.1820181501898797
1.1654768229290178
1.174149093734231
1.1698754767703403
1.16186285740251
1.1578810594643756
1.1591317479018193
1.1604994482295528
1.1692546002424447
1.1516099655704133
1.145414904044692
1.1450451946562263
1.1454066368424969
1.1360617333157048
1.143090478933541
1.1393486132287676
1.1377252552919328
1.1382427356045717
