2.4184631921683146
2.169780192101837
1.951759434050056
1.7467694381240066
1.7786226477592615
1.6233102052834383
1.6167381417219806
1.4585663254853267
1.4546499738268033
1.3455308440384592
1.3377086235459443
1.2204433132888406
1.244067167780202
1.2331567691389922
1.1259170539060217
1.099493829308042
1.0946343814491466
1.0226773836050824
1.0587543936292076
0.9881693781561153
0.9615164175155057
0.9818553484169541
0.9599938783676002
0.9774021460751819
0.9247073979134772
0.9336475331312531
0.935039939014775
0.919110941279466
0.9344316208438509
0.8971976922575835
0.8429629495189448
0.8896406813032308
0.8289955892380635
0.8097485474720123
0.7847906358682426
0.7579294095753105
0.748094545238337
0.7287646831980177
0.7313364668256918
0.7180303832527938
0.8123556660239104
0.7106019045896591
0.7735917268285326
0.6702219447132888
0.784708995348329
0.6906266476318335
0.7172203773905517
0.6885846384391663
0.7252532754354416
0.7112519203857252
0.6971916265928062
0.6673932867065356
0.7175401173959113
0.6894293063005824
0.6649378695685393
0.7099781340094888
0.6794151081021425
0.6688671165211185
0.6675362922963063
0.6656916982429043
0.6829020608762267
0.6190145051783058
0.6729217393762746
0.6488057587556778
0.6908730071061736
0.6545055271333949
0.7157660251969744
0.6664867832022867
0.7898793248993576
0.6607537727067425
0.6338677098796626
0.7947106266477305
0.6357316847439785
0.7390130023667767
0.6546675469844964
0.6772008895114728
0.6375591204424572
0.643499032327324
0.6446296758712478
0.7259874205300763
0.715918482678711
0.6616042108292792
0.7185346880915818
0.7113227441812017
0.6856158482041329
0.6660283898851674
0.6958864266705361
0.7166124961938068
0.6514031645978332
0.7418206567597238
0.7440352574655205
0.7994247175705661
0.6758489458803918
0.730017088970561
0.7045700255852596
0.8036230999952668
0.6976851312218199
0.6823341180184844
0.7483935686433392
0.7474522860186874
