2.3241991632303614
2.70064930551371
2.0678273560894525
1.7047373922007858
1.748115371746622
1.5087148513004278
1.4424699263967526
1.3129363029625765
1.3623748212862925
1.2695440171630519
1.2296164578692927
1.112827271412892
1.135081496587984
1.1230065606202289
1.1989503066251233
1.0451640923311756
1.2570701769203136
1.1632154352346045
1.2682127888035621
1.1249158614000696
1.1157750198795537
1.1319973214416748
1.1576134004410665
1.0826980183078985
1.102917772569474
1.1050170082954844
1.0989833838620764
1.2691436129011167
1.1820628646832363
1.377042560061072
1.1891715750572787
1.2677223879820223
1.132388321457395
1.4644169666964537
1.1136871485193824
1.1898453565919476
1.3061911182798398
1.2442199796628042
1.3991729666473
1.4458808177595686
1.4216710234143932
1.6724845493675038
1.4903647588316802
1.692142715120012
1.6069426316364555
1.682436421798293
1.497572379507077
2.076228119765118
1.610471136251073
1.9991039516060216
1.5928852558135986
1.8331374218509455
1.6988709170347567
1.8799703531204515
1.3644181896167196
1.756500819686112
1.8996717284439475
1.847586806412715
1.5173360583888498
1.9023805795961124
1.9569157999791917
1.9622718725994135
1.8413600101592436
2.018703233664203
1.792826228081041
2.4565899440437367
1.9583683423935228
2.3870894263504416
1.7215289598817278
2.645446516146326
2.274387170554726
2.0216759466061927
2.345240760760702
2.6512069254164485
2.05321562973557
2.6374266420959667
2.4772928520372717
2.361072080909826
3.033288494037215
2.2296301779473664
2.762550528641719
2.344310005758978
2.8786912997057486
3.1681294813277616
2.1997459656114033
3.1894264934928556
2.507603054593323
3.2720973051277693
3.1337019751785666
3.325479262953351
2.8898259993571385
3.2399382788664215
2.9336065038753922
3.0965771766225245
3.61995862547759
2.9172681699133225
3.5477697940389064
2.3660083287840434
3.841898789071733
2.7035889207937154
