2.323621353526024
2.716020942493609
1.9462715660690502
1.6969797132880824
1.7341809675192377
1.5188415414968115
1.4442074693691958
1.3265307427971227
1.3669234635723624
1.2251074234391475
1.1998790312724508
1.0419101737866736
1.106703314052266
1.0352054405364262
1.0839603562263926
0.9511641590458573
1.1310087218406095
0.9281531177508603
1.0909820339482301
0.8576252297231346
0.8744875887396989
0.8459679905776005
0.8556133542850519
0.7859765610117821
0.7447974106688409
0.7701623855502742
0.8187926791276142
0.7925762014024577
0.8675509493821746
0.8280860533000557
0.8541712240808329
0.7251807806218505
0.74871711954949
0.7009618603120185
0.7257580318648345
0.6746604155962634
0.7179459942753907
0.6472799939334772
0.7022618586850015
0.6865474961365864
0.8055737390639676
0.6873797956545642
0.7131584322756264
0.6530335765735359
0.721827618065913
0.6931517389929218
0.6964209045574163
0.6749491830160663
0.6892923086312166
0.6388408890955007
0.6619355931023884
0.6077340085794971
0.5858660350749447
0.552520308335116
0.6020617131974287
0.5535441826862894
0.5578222164682521
0.5776327818062654
0.558075154378156
0.5313476292760508
0.5138322147214489
0.5347239665544716
0.5154240655291612
0.5478396483097866
0.5250028474315717
0.5114838417358459
0.5155569146013563
0.5446249607262338
0.5754547515872178
0.4982593294921195
0.5228530044198796
0.5625713523595955
0.5365365660114653
0.5116467211087039
0.5248239457037798
0.48043284342167486
0.50980022691997
0.4818156801970901
0.4946915534841027
0.5172532474159435
0.5324186953199896
0.47935682459242024
0.5190101842022246
0.5124868083341866
0.48796843058744055
0.462910612677313
0.5005517831653546
0.48509696097510635
0.5341280707318312
0.4631725420617753
0.5005469814797116
0.4907196574150377
0.5185328274016168
0.4631445640401476
0.4905768525638398
0.49582518314480023
0.46837373875128996
0.45165410628364344
0.438392146662542
0.45281320781844436
