2.3036505933020526
2.2925035968707625
2.3144801088199496
2.3120470730362426
2.2762894934150064
2.3297131668989826
2.3082773442480975
2.3302467826065745
2.3467071496756975
2.2545782153014167
2.2062591929344615
2.0694491681019973
2.0345957172904043
2.0010505056684944
1.941202425653008
1.911842281651345
1.8694362017759092
1.8188644966502099
1.8142403569191126
1.7658695141980603
1.741688205937671
1.704637725641773
1.6604371511252822
1.6732945016994598
1.6355438035005216
1.609093263650396
1.6081470440907084
1.5759750133866717
1.5468457291839988
1.5228022815315587
1.5025507105383904
1.485319635670656
1.4704735666323618
1.456295422687652
1.4547391651542323
1.4291358100380867
1.4113877138514428
1.3924711836371453
1.392213511618839
1.372436818803192
1.3584366004178479
1.351757934898328
1.3501248465981452
1.3355632587602944
1.3248228814191878
1.3117057924058027
1.2912300749189536
1.291227849805431
1.2741422076134166
1.2755182985287563
1.2612289364930171
1.247872419038396
1.241804948657941
1.2431073378605448
1.2260709826354008
1.2199886870232357
1.2137917750959943
1.2010780443811113
1.2036530629844422
1.1932777101826515
1.1916412339089022
1.175078012761037
1.1907427485581417
1.176882070340928
1.16952726681521
1.1545175955553724
1.1663304973559774
1.139835965101886
1.1389913532384641
1.1336112272967198
1.128495312420426
1.1211500053952455
1.1158626626251609
1.1065356583352302
1.099707850225412
1.0892526332739811
1.0928067564964294
1.090257067968891
1.0773655962032878
1.0732548176103336
1.0708205593619378
1.0717557535809317
1.070330276610745
1.0616202984645868
1.0545494032513565
1.0558998076019772
1.0496793780357214
1.0496472746703276
1.0394390031790277
1.0391709071815394
1.0358718747545959
1.0267031135832427
1.0176430116793154
1.0262332421958826
1.0196526790880094
1.0167944571774477
1.0055832764145676
1.0120459392571906
1.0034602823530792
1.0035260927145648
