2.310010870550848
2.3064071388001652
2.336149704684118
2.308701701984284
2.3718993815646807
2.353933000260857
2.302140342202156
2.3109818932357107
2.10905279703201
2.0741589669209377
2.0041193263545916
2.0127639421232186
1.940911444129458
1.9097609527551445
1.8249320384043797
1.8164810223184573
1.7197434902191162
1.7301768466925165
1.7060417240592325
1.6350958575109007
1.648194310012137
1.6004967378203276
1.6522734696698036
1.5608085895040233
1.5315650982461917
1.5491728987663416
1.5537077583325136
1.5302123400815733
1.5439873690817767
1.5367579315878024
1.4771030609774742
1.4900563484544207
1.4865366926618442
1.4603923004903612
1.447363651482163
1.4446148325683206
1.427950625966309
1.430549458333641
1.4255789313346716
1.4273913582419133
1.4082530615436044
1.4050926964753752
1.4097731606975483
1.4152714120354621
1.4278239915325384
1.4107209907215872
1.3504072769432311
1.382936649261766
1.3821021439922843
1.3724976178187474
1.3672618364832203
1.340492614515268
1.3673514788317833
1.3343360894804548
1.3481442381621926
1.376149352948377
1.3762023745069079
1.331602589339967
1.3321463537823623
1.3142724029577462
1.3320990550290248
1.343959715715639
1.2983872958808949
1.3249018108768829
1.3134947271104072
1.3168812534611696
1.2888671896260255
1.3459524022545784
1.3157814642426315
1.2880736065518326
1.298123311085306
1.2982808313551981
1.2999490674134273
1.2886323594743279
1.3013810299004718
1.3365180727782522
1.306065554831438
1.3184719184401688
1.2967497641873207
1.267823507831355
1.2512027492189104
1.2974376033066184
1.296103890534419
1.280407286373673
1.2832044974254195
1.2677666814463913
1.3312542370170544
1.2923643080292233
1.2782964023055545
1.290562160455497
1.2803441612583817
1.2653147354247465
1.2480866453450197
1.2777016527333838
1.2718805287294328
1.2616252739718006
1.2708636074309136
1.2646539803523167
1.2638268018983732
1.2706599045710958
