2.3645232923471244
2.165621374822726
1.9572925294280812
1.8179073789317137
1.7707837903575532
1.670972513545091
1.4986964570488899
1.636327413237019
1.5106309538434266
1.371208114988485
1.37680861752504
1.411222201244087
1.497910151815718
1.4001778986803286
1.24144793391987
1.3754762631313058
1.1211423471475104
1.2049894598638935
1.1227433149981652
1.1720045592374861
1.0303950097150862
0.9778191139743586
0.9962709720726985
0.9385953553163322
0.9199787651657299
0.9558585984691693
0.9526270460930599
1.0690130401568807
1.011291782187808
0.8743000102650588
0.8026211326289329
0.9567462479232982
0.8853677215090223
1.0537096630236147
0.8562933924091849
0.7846907980882438
0.7526086325858049
0.8292832644122421
0.7460198430878342
0.8345825998646439
0.7562657008125524
0.8622439678307552
0.7327049177163726
0.8364624451300141
0.7251066529447106
0.8591597308019164
0.6905283899443924
0.8538701355836953
0.7692018504355363
0.7326128143034164
0.7329660988157722
0.7959745199817001
0.7449272436321162
0.7078918453994071
0.8335420593714259
0.789133373149641
0.6992616395282137
0.7009361503989833
0.7240353741083935
0.6783609211824502
0.6887093862150885
0.584431913817764
0.6212771755115242
0.6331290109142377
0.6636275611105998
0.6317733943842019
0.6450037997999009
0.7045475538748844
0.6335907982792824
0.7214514094932823
0.6442781510246787
0.6423481199771736
0.6107150187158281
0.6779069978340416
0.6791278511095958
0.7370826960748927
0.6877179259707213
0.6009496359308814
0.6506216117910518
0.5756537255587851
0.6491799176118935
0.6155482969086641
0.6016487874992335
0.6379603572711823
0.6425707163704428
0.6175917273114442
0.6043688068344335
0.7082722105418041
0.629069678153202
0.7832143120704942
0.6553380449486387
0.598082055331795
0.6463047038218018
0.6414791385459292
0.5800084877925314
0.5917217627072789
0.5809983544668574
0.5525216786724747
0.6065968783797732
0.6473754484942005
