2.3075088391638108
2.3099584336493426
2.3220479336513837
2.3110010684675473
2.352154699860105
2.3039736656626317
2.144057774999339
2.2248595869465237
2.0597999103509697
2.086952740219748
1.9583182380457593
1.9916468714452853
1.8932310077035504
1.9224206877362198
1.8635097985055036
1.8415291195462464
1.8289502046670123
1.7353525837515569
1.7849429435790725
1.7104883710290217
1.6930001305926377
1.7201374002323029
1.6965085192091147
1.6382925168723816
1.756433180942657
1.6651730552600448
1.595782747693882
1.5985731957065072
1.618287378815329
1.657833943701094
1.6399338617446317
1.6021975772396015
1.6409394748651298
1.6365389360743723
1.609591414973994
1.5845772787264198
1.5612911183363314
1.5992954901069592
1.590063846794663
1.558671850307732
1.546762611455978
1.5450959433415892
1.554985129149856
1.5604962922964887
1.558351600246065
1.5455153368081256
1.4998193895740874
1.5667488089032993
1.5774948551396655
1.5227307916446855
1.5554264594035543
1.4954743149933543
1.508981896813508
1.529754113999142
1.497233008882802
1.5527692737093397
1.5202058287942486
1.5430126721691932
1.511596221073418
1.5041567694609332
1.4783374784858363
1.472726049696564
1.4922917997761138
1.5090186793333407
1.5203540378315434
1.4769377313601744
1.468585246687482
1.487229393545989
1.5042926338827534
1.4878593265630637
1.4636175078191576
1.4576401224561557
1.4570880824593222
1.4615984312288322
1.4780181167991298
1.5233459168938315
1.4953815899077494
1.4508163928985596
1.4695398420285268
1.4250059332817224
1.465344794996225
1.507795968632789
1.4563461375084652
1.4653324655666473
1.4910495357148965
1.4458721078884829
1.5192909149607277
1.4687493948420143
1.4559528933968513
1.4711958822930695
1.432357171538529
1.4587931359649464
1.4521435681422046
1.447373820717927
1.4329307762680539
1.4613365997934038
1.468045172417999
1.4717771991802628
1.4559915088544226
1.4610271241254866
