2.400505047694893
2.1600738209523973
1.935581252833081
1.7623725742291494
1.7059843282031406
1.551832801976781
1.4900429962546962
1.4535966693975364
1.3756290970334581
1.3108941438091788
1.2586511381112846
1.2431885869639694
1.2712391926224824
1.1871776436544528
1.183215896415103
1.0781973885123137
1.072874522892533
1.0667376294257536
1.0805971060588861
0.9925255149033418
1.0003969938891708
0.9246563751986072
0.982846832958756
0.9068608561139198
0.923906486505156
0.8536666502618486
0.8829890565507731
0.8489720251909487
0.8770551878935212
0.8050066669275806
0.8117098045197262
0.7728273299089663
0.7622018266635336
0.788018098682355
0.7324797140944536
0.7500405011663012
0.7259274527525447
0.7023687167152478
0.6797514711595645
0.6857435456506765
0.6652282324566203
0.6781923404544782
0.6550194995038828
0.6547801154813949
0.6499097840801166
0.658871593748688
0.627910875970391
0.6451930491028318
0.6192102787221313
0.6360527814193896
0.593075085597433
0.60839538095863
0.5816723077919832
0.5909556680044551
0.5814278909734859
0.6112516199707225
0.5662249339993592
0.6145772408148286
0.5696248406437552
0.620703183541632
0.5733255237151104
0.5814263721939864
0.5622069378187702
0.5413239548920067
0.5434087524368505
0.5308585272283312
0.5317634167564902
0.5302889216098057
0.5303393985815109
0.5207377860120906
0.5308011904074128
0.5241571095339053
0.5128867212374499
0.5274777614576801
0.5046883509227424
0.536941439103169
0.510421930984327
0.5223142693566668
0.5064710323597975
0.5133063176255317
0.5071509172012851
0.5155084260330078
0.5107339728789725
0.5026835258219652
0.48950293252042903
0.4868577130281242
0.4939048198188186
0.5093019487941342
0.5126910991729445
0.5295367888204611
0.5169208111466875
0.5091208976924799
0.5164564097193396
0.5116520858114693
0.5232161156311157
0.4974744147176196
0.5059561318462822
0.48567956942281904
0.49907656526489624
0.4974012203087473
