2.3048780799671342
2.314138322878795
2.3245016495892954
2.309410801359043
2.3238037452576266
2.291267490690681
2.3557384074873227
2.110456460600446
2.148133735747854
2.0311038395401777
1.908295905514128
1.8929005959990677
1.7791247246371713
1.740585583030798
1.6843356159841938
1.639285791451764
1.6348703537776972
1.5764453449067037
1.5451505260103067
1.5189368276839044
1.4824013421489934
1.4624940847894947
1.4296604083601836
1.412658696721314
1.3885435154483576
1.3748047837785855
1.3680794413682003
1.3356812091390038
1.3431581494155203
1.321130586277907
1.2977132637789295
1.277567701734555
1.2675737043854538
1.2657921659718654
1.259165197041384
1.2700872178290301
1.229554795915154
1.221648745855708
1.2221103363735661
1.2007549313982582
1.1948533487168087
1.1805218883380768
1.1714865618450627
1.1753317113894566
1.1540543387649924
1.1512376062429635
1.141211471739848
1.1321222254425098
1.1226589858152305
1.115003383843003
1.1064701513120323
1.1040053971254142
1.0971859944094517
1.0967118592019294
1.0910235548474987
1.0770651105862514
1.0630155156372458
1.065187342986939
1.0573828831599776
1.0530764680759164
1.0511746915282718
1.0549417912580406
1.0254721968037308
1.0438089298594528
1.0229937191222125
1.0163401084341062
1.0156583060884172
1.0344806651400913
1.0297124446577328
1.0064396083734597
1.0189063503484057
0.9992109651018859
1.0024362506380506
0.9823894197014487
0.9928456522097253
0.988726965940682
0.9727711901543247
0.9715828572868541
0.9678990552379827
0.9717890274752478
0.9728649797712922
0.9639683339246519
0.9694463834641086
0.9597615174427154
0.9498862312857512
0.942306637763977
0.954275917855038
0.9433117326657483
0.937269626149706
0.9404223451189174
0.9316318008550413
0.9360459932855739
0.9318547715806658
0.9290049759445677
0.9199298388639073
0.920144020751783
0.9294987225988108
0.9225175323759675
0.9077931152787179
0.914618645504022
