2.403269231699075
2.1751865642085955
1.8902375113432575
1.758257344270208
1.6920738197435998
1.5647186428118662
1.4967325265240516
1.4506335873512706
1.3910000544444772
1.3049247143374887
1.2628723914456215
1.2493036138783595
1.2294196961032358
1.1434419823300308
1.1390558105365487
1.0917887820559702
1.0257167356788732
1.0456597592420638
1.0482134507719878
0.9760285110989954
0.9777996054120884
0.943690135980108
0.9658409155857791
0.9185647949291642
0.9065706399595661
0.8611771707322188
0.8670372378294635
0.8613085932792373
0.8834234669709661
0.8531314229509633
0.8422821843700045
0.7810099373577507
0.8055456924210688
0.7803625878255078
0.7704906195971617
0.7505938228528211
0.7717755167347611
0.7404409014874962
0.7469434242719298
0.7751275748963569
0.7175386901114397
0.7590705797930432
0.7194549951963364
0.729075249213322
0.7392211575417003
0.7614524998482625
0.7245406516038688
0.8137090215637426
0.7606686666892593
0.7994624490191222
0.7341119791292081
0.8169862255928623
0.7355952507751004
0.8113540953891293
0.721348326107499
0.8806682840274398
0.762363134296077
0.9451661592076539
0.7849743679450576
0.9740745379666614
0.7711230744222167
0.9486324771953996
0.7752894956594819
0.8603139914524783
0.8810204373803109
0.8185627870498948
0.9294283040769541
0.898425199423626
0.8989420525587288
0.8501724422357644
0.9620518676794259
0.858731877272296
0.923522440870856
0.9398674072733351
0.9191844117869238
1.0506884341786622
0.8314645121431654
0.9627558156183571
0.9536588366623897
1.0498526829063513
1.0251856731001738
1.1289021972638027
0.9320671592548395
1.0759942580939859
1.0394152080177501
0.9944172433227491
1.0709172430311797
1.0739313823402308
1.0114354252055953
1.1450690106981118
1.1029647125560007
1.171284958815119
1.0966492526850122
1.1170315488128906
1.1107817083407359
1.052245320787855
1.3122357251537833
1.1886513088918795
1.1625145795239005
1.151529487910544
