2.3598826630100325
2.7648330463725292
1.884622274690373
1.7979337128863973
1.6820687951555677
1.5607444351645792
1.4379602814935575
1.5941765088184623
1.4180940632607526
1.392217141807459
1.217031734384549
1.4037548645286804
1.4748849656171859
1.4180351966505598
1.22001046018236
1.3136126657200466
1.13928469768755
1.2609489077975036
1.0041628305319767
1.0103635157749151
0.90883080822647
0.8313668746097832
0.8357470996060948
0.8353943452713596
0.9061116069365459
0.9925992113010139
0.8939338322657688
1.0303971167582615
1.013687899348083
0.8927410104472167
0.7674260670971719
0.851670688504626
0.749774228615366
0.8893767077072411
0.7473934725591331
0.7183296236262959
0.7119023906197518
0.7612245639038694
0.6790784001350403
0.8068322191952141
0.7137213038031462
0.8215710002525597
0.7521368933331435
0.7982886274149463
0.6909509386606277
0.7914922423423476
0.7089103471701312
0.7537124608732333
0.7524050109705348
0.7105002999305725
0.7155122758856245
0.7523524626425118
0.6615569365632002
0.6652359235438572
0.7645626707821135
0.7231415658240106
0.7070364993848618
0.6386750433475349
0.712282684388434
0.5778540978386144
0.6102672507808466
0.5370482565111415
0.546667142373741
0.5846765454217886
0.5715101959219404
0.6290755119103535
0.5720082483473857
0.6923449179928773
0.5876711118183319
0.5856032496804644
0.5834037096826894
0.5355535814906381
0.5461352869963191
0.5321101852852828
0.6097845964750667
0.6628614569165904
0.6086845509945207
0.5109274695823147
0.5123866271630974
0.4821702826554608
0.521283309360978
0.4877419909284373
0.5495805535346839
0.5312760478941498
0.5057178884744644
0.5288504929679214
0.5299397413707843
0.569883444696475
0.6033557260492045
0.7425850755090166
0.5486988634060902
0.5181943187668065
0.5776431163784804
0.6302009214451358
0.4723420565485195
0.5120880185229004
0.4470286357934308
0.4526690590153834
0.4808986647303697
0.4892521045959679
