2.3607580251754468
2.563424836298463
1.9159596095419233
1.7947965336453384
1.674537074034381
1.6009125329886273
1.414273415401483
1.6096744636061844
1.3421436912694555
1.4436074184004668
1.1640136359603541
1.550179952269147
1.3140491645806913
1.7394117671213332
1.1137311583871294
1.774217059657832
1.1405997139633082
1.6566540139495947
1.1568787845836324
1.3420808649366829
1.229472516068987
1.032701343487782
1.1428856925599893
1.066885259121087
1.2427342723888957
1.4117993374539028
1.0352192114872538
1.2566038351150075
1.2159084495465466
1.219731322519339
0.997533682804958
1.2517323148478368
0.9697928223640296
1.2874414021042502
0.9670965136236446
1.0977818905168277
0.8966697200088743
1.277295813818646
0.9412712921762163
1.1326672047566457
1.0634572847633605
1.0965688942344325
1.1005600109981124
1.1276254631151819
0.9976097956584518
1.0926133181638777
1.0644246882693782
1.1012776782558222
1.0984000225735318
1.0216029593898992
0.9014972740677512
1.26117010139356
0.9197607078370015
1.1763570809819897
0.9005825942868639
1.2480602013837
0.8514378522611727
1.0258946399779836
1.0769007896921436
0.9016968822403318
1.0646943799249686
0.8511145598949141
1.0138713155582453
0.825901543448685
1.103860727161359
0.865629699389646
1.192028773438399
0.9529100891890799
1.2226619811574364
1.1912928231202873
1.0812338939897574
0.8501094564510758
1.1566473921393132
1.052355020668856
1.1561432139129395
0.8988540039700308
1.293323712364124
0.8860751540417884
1.116472370685286
0.9662290762184532
1.062851482895529
1.1379476778066842
1.0092442960116514
1.12778911469089
0.949019869231874
1.162371778943736
0.9248207771474388
1.1873480677604675
1.2516387272032963
1.2256441495980426
1.045285929160513
1.0636113669462264
1.1335162907648997
1.1925816395480162
1.245551769141179
0.9845881501960146
1.1472199414945712
1.0683436420313113
1.1420738803353279
1.4180993513696512
