2.326515873526312
2.657004540133628
2.4966612014041583
2.2132791971704764
1.8520578844532085
1.720951870748192
1.5867647471701263
1.4780811109360616
1.456091697048989
1.335021987082852
1.2842049697402176
1.2242070193503314
1.201506928653474
1.145654448658038
1.1087972282604048
1.0982226797729542
1.0754588121061872
1.0832852398513988
1.1343819145943708
1.047743717576288
1.03872606898569
1.0764366130160679
1.0616647665667687
1.1482532510332242
1.1356356348961023
1.15867248158546
1.1170630906797518
1.167243291997606
1.1789427019987897
1.1817684401372435
1.1554972138374475
1.2599892058190267
1.3445944877187157
1.3000086948370477
1.3681994429819144
1.3104386033525892
1.3561543518570578
1.3757328546730576
1.3523684079480018
1.4955317909550514
1.5281393660861216
1.487049806649518
1.5282633338764215
1.5636181034100283
1.6936543101717711
1.6748717871441203
1.735193948077548
1.6699124589847152
1.6943977570078175
1.742702074111647
1.8551576213472207
1.7426440472815448
1.800369382663897
1.9071463202215304
1.8273099789953535
1.866895214767213
2.0611962892447306
1.931146886698
1.908108401450382
2.108717358036406
2.0645057866527776
2.0352524192469894
2.1194350165166673
1.9608711839481523
2.1841516722539427
2.157732466223893
2.1918014682781926
2.0511386660253925
2.2496819822651566
2.322925489419585
2.244917293263089
2.345660863408617
2.2234677114304464
2.4776781858152646
2.3642865161227573
2.4543960382983943
2.466785459761407
2.4378779048372987
2.7630315419215306
2.4829901517576474
2.722006190354657
2.5415974908573613
2.639624026930256
2.7349608696190413
2.4657483989266074
2.547679244333012
2.683989672903802
2.640354248368816
2.533247747998329
2.679234131126647
2.7045766039259114
2.7384078981010775
2.6984998542032423
2.641636515119273
2.7501210703211987
2.807840652526564
2.794717732508471
2.7108391515768258
2.701791417826513
3.0415731182523595
