2.3033869236138216
2.3020996713334587
2.308716543161186
2.2856604081050604
2.3306454351753185
2.305327946972695
2.379270555107457
2.3354475665244325
2.0523203960649528
2.1397232082998676
2.048879811718206
1.954492754996962
1.9228818234364697
1.860648208363041
1.847590769172474
1.757839593158406
1.7589525067882172
1.6889448089964072
1.6707416825993047
1.661564269642921
1.6285571361043651
1.590709882177365
1.5529620115924034
1.5511833155990407
1.5263904940550495
1.5142325352711283
1.5091004553873828
1.5205487924016965
1.486211545148473
1.4752907259449077
1.4636354780500862
1.4596719559590527
1.4676543565312767
1.4415861550410083
1.4328374961379227
1.4244259945146598
1.4271897958342437
1.4091827391059535
1.4249309217853912
1.410509569629742
1.3938790164935362
1.3920890836958673
1.4049148893660042
1.3874095275903204
1.3863449916718111
1.3943618163941012
1.3799739476222141
1.3733071460845365
1.373500034307978
1.3754327980576047
1.3468801352628477
1.3655208015138176
1.3460144161418746
1.3414791852805266
1.3506692549225632
1.357026157865099
1.3310370376914928
1.3400611080181826
1.346498815876663
1.3455920227014335
1.3307851894645935
1.3183672906486852
1.340966900442816
1.328791341963847
1.327765375185924
1.3303668795117907
1.315096786827039
1.3134970247365867
1.3214779462024664
1.310862735578209
1.322255155842775
1.3167374642791263
1.3267469618730485
1.3006164450554332
1.3078491285348395
1.3079966982458806
1.3175567684659533
1.3076349139972856
1.3035884404638012
1.2905945679184738
1.2903077518864043
1.3158437719770297
1.3030254271379702
1.2822647269364376
1.3018139441301868
1.3005936092631831
1.294550384685492
1.3099446068903444
1.302433550737466
1.2975009410244644
1.2938304623221135
1.2772657552342506
1.2945401820407552
1.29124128666653
1.293043702271334
1.2751206911293564
1.2729688715782894
1.2673102898202884
1.28402836383528
1.2803776742546422
