2.3070553017270035
2.30643245824583
2.3204689086622494
2.333403930542575
2.3192907716058624
2.340789902741742
2.330914438150491
2.319258361865001
2.2627332149797184
2.197441494388945
2.2258223621708573
2.09833520157322
2.0060957191856046
2.0153464792640348
1.932180662064036
2.0343986605383027
1.8539282539088255
1.8406225374549816
1.8203569468419263
1.747074153772585
1.6919256570232901
1.691014355914608
1.6814179344541709
1.621896257066423
1.6279095069617981
1.5779247731919501
1.5878526610173997
1.5558640554452399
1.5586967453075822
1.5184890510170324
1.4992456026138015
1.4910964570986998
1.4808276663919924
1.4457613723293232
1.4539542835988817
1.4341715171838263
1.4258189641745986
1.4191110794711266
1.4000582209058627
1.3939635563807882
1.3890442506522889
1.3810913486845176
1.368961121625961
1.3797461113352685
1.3739038986764895
1.3726736929765933
1.3362371222988056
1.3438733375755845
1.3596208513162698
1.331470494817017
1.3451722571804265
1.3174514094735408
1.3289327917584948
1.3285016861690837
1.3191037390642106
1.3198091585165377
1.3209265580602512
1.2985254488173563
1.3080020072353873
1.306841064790252
1.2855636728037694
1.2811393479632724
1.2760047479799599
1.298407864798406
1.271376454906099
1.2721801134431439
1.2623030721761619
1.2786328898873298
1.267766045916612
1.2730981772113
1.2471353950773834
1.2533170410022614
1.2600456776133009
1.2713203008767147
1.2606372453604535
1.2711620809166295
1.253588199995126
1.2515624476845857
1.2348907103963718
1.2410105235257727
1.2542586971999734
1.242115103135443
1.2240999530834757
1.2428642048197946
1.247960593670037
1.2173172842924762
1.2462693638862319
1.2343944854037776
1.244324060382357
1.2159877540958914
1.2324154805985226
1.2162839197049475
1.2222078962690512
1.2155319087824243
1.222127059083076
1.2089846995985432
1.2126312817737555
1.2067283019898043
1.2043271448202193
1.2157262901591648
