0.5900380000000001
0.603958
0.5991740000000001
0.645722
0.603208
0.6170019999999999
0.667624
0.6775180000000001
0.615216
0.6561400000000001
0.697068
0.62328
0.6515019999999999
0.61179
0.675984
0.663216
0.634216
0.6478959999999999
0.6806079999999999
0.600298
0.645154
0.709122
0.639164
0.6448900000000001
0.7316100000000001
0.6270819999999999
0.7357520000000001
0.71321
0.722044
0.674582
0.712902
0.7059019999999999
0.620934
0.72336
0.650072
0.720934
0.69772
0.7126299999999999
0.709192
0.7473559999999999
0.737654
0.71502
0.7330019999999999
0.6608940000000001
0.7296980000000001
0.7065779999999999
0.701044
0.6626540000000001
0.712618
0.70221
0.7308620000000001
0.6750499999999999
0.704282
0.681726
0.75339
0.74755
0.7222780000000001
0.7513160000000001
0.724432
0.734368
0.707262
0.686476
0.725136
0.75507
0.716348
0.75187
0.715582
0.747878
0.7718160000000001
0.7398779999999999
0.759692
0.759286
0.7691380000000001
0.7506419999999999
0.756874
0.74082
0.7426219999999999
0.721108
0.723552
0.744764
0.7810579999999999
0.746272
0.771954
0.75947
0.7473920000000001
0.745056
0.73753
0.7665500000000001
0.75473
0.7274440000000001
0.742428
0.755736
0.770938
0.738394
0.724414
0.7167140000000001
0.743182
0.7379939999999999
0.71827
0.7389899999999999
