0.614864
0.5
0.5
0.5
0.630902
0.626044
0.620422
0.5
0.6476160000000001
0.638826
0.580252
0.5995419999999999
0.5953579999999999
0.67775
0.660196
0.579858
0.642174
0.5
0.6303679999999999
0.6279540000000001
0.653858
0.659192
0.5
0.6627299999999999
0.674552
0.5701780000000001
0.6502959999999999
0.61991
0.6838600000000001
0.667306
0.6638259999999999
0.64751
0.594036
0.607954
0.67337
0.645092
0.607222
0.6347520000000001
0.639308
0.676498
0.6674580000000001
0.700948
0.6827259999999999
0.66447
0.6672440000000001
0.686472
0.6763079999999999
0.598158
0.638768
0.5
0.6722100000000001
0.621362
0.565844
0.7309220000000001
0.66836
0.712632
0.671512
0.604592
0.6874819999999999
0.661334
0.6243679999999999
0.632142
0.6166659999999999
0.648178
0.665972
0.6973660000000002
0.694224
0.689338
0.536542
0.65414
0.673106
0.6865340000000001
0.6947000000000001
0.6074180000000001
0.68801
0.6521939999999999
0.657792
0.683466
0.638272
0.602986
0.657498
0.6535579999999999
0.64237
0.605926
0.666436
0.638006
0.6168079999999999
0.63215
0.656516
0.5958539999999999
0.65717
0.585684
0.646266
0.6389239999999999
0.643666
0.636448
0.6317159999999999
0.6437020000000001
0.685348
0.6063860000000001
