0.5
0.5
0.5
0.5
0.621924
0.6182000000000001
0.629254
0.6418280000000001
0.6159359999999999
0.673442
0.62865
0.57772
0.640276
0.603558
0.687596
0.67381
0.666428
0.686938
0.699676
0.669934
0.691958
0.6263799999999999
0.704074
0.688858
0.66368
0.666024
0.68769
0.70791
0.671312
0.7055
0.7034940000000001
0.6911820000000001
0.721506
0.6575319999999999
0.72143
0.6767299999999999
0.632602
0.669974
0.711942
0.694252
0.651286
0.659334
0.7129439999999999
0.695628
0.6759860000000001
0.634846
0.669724
0.604396
0.706508
0.621424
0.6521859999999999
0.691066
0.7111160000000001
0.64143
0.673086
0.685446
0.697074
0.67916
0.6878920000000001
0.629848
0.63478
0.6950299999999999
0.6442880000000001
0.677698
0.679538
0.6412939999999999
0.642002
0.7019759999999999
0.681268
0.692694
0.693428
0.651408
0.6439719999999999
0.6868839999999999
0.6574099999999999
0.6555059999999999
0.710126
0.6688820000000001
0.650084
0.6795
0.6420279999999999
0.6366
0.5544560000000001
0.6240959999999999
0.5862580000000001
0.637634
0.7047380000000001
0.63791
0.621436
0.6432300000000001
0.626042
0.626034
0.66517
0.6322599999999999
0.62403
0.6327200000000001
0.672312
0.649032
0.6841900000000001
0.5955900000000001
