0.595602
0.614688
0.640548
0.615236
0.569002
0.5
0.615524
0.5424279999999999
0.6250060000000001
0.6179199999999999
0.606448
0.5
0.645754
0.60102
0.64171
0.556018
0.5
0.662948
0.6494359999999999
0.65455
0.6380319999999999
0.5
0.6713580000000001
0.695748
0.675234
0.6014299999999999
0.611232
0.6519480000000001
0.653292
0.60159
0.6375879999999999
0.68672
0.688018
0.639844
0.611002
0.60923
0.5
0.67162
0.6321800000000001
0.707698
0.674172
0.666434
0.671684
0.6431039999999999
0.692298
0.6237739999999999
0.703466
0.6152899999999999
0.6628
0.7185020000000001
0.6854100000000001
0.6483920000000001
0.6828620000000001
0.6437
0.652232
0.670314
0.648996
0.6541119999999999
0.707756
0.6673520000000001
0.632292
0.6536959999999999
0.6497679999999999
0.688146
0.687106
0.668694
0.6806719999999999
0.68653
0.683792
0.7112539999999999
0.707708
0.7000299999999999
0.690758
0.7239399999999998
0.6887979999999999
0.70419
0.6763279999999999
0.7044299999999999
0.69064
0.64723
0.6962560000000001
0.680782
0.672692
0.6290060000000001
0.6699459999999999
0.673872
0.623036
0.66417
0.694966
0.686026
0.6580639999999999
0.6553619999999999
0.687896
0.682794
0.6840459999999999
0.6859000000000001
0.6752779999999999
0.7206560000000001
0.680602
0.6953699999999999
