0.587128
0.5898439999999999
0.5980659999999999
0.652166
0.6320880000000001
0.6611640000000001
0.659556
0.625046
0.637452
0.61137
0.603948
0.6926100000000001
0.667358
0.656214
0.664202
0.59549
0.61248
0.679246
0.702028
0.710896
0.675644
0.6721
0.731508
0.6702
0.71209
0.691476
0.6652860000000002
0.716172
0.713156
0.6860099999999999
0.7209840000000001
0.689992
0.743196
0.769888
0.7612840000000001
0.740344
0.738588
0.7142400000000001
0.721958
0.7047660000000001
0.746946
0.7354339999999999
0.72147
0.753522
0.731476
0.748358
0.742656
0.726854
0.74142
0.6938
0.769028
0.760444
0.7350420000000001
0.704854
0.698512
0.770566
0.761038
0.716586
0.74033
0.6948859999999999
0.745894
0.7457119999999999
0.7639060000000001
0.742274
0.71841
0.744526
0.78569
0.765498
0.773462
0.6988679999999999
0.7634979999999999
0.7699
0.7240960000000001
0.723384
0.7294299999999999
0.7535380000000002
0.75742
0.744236
0.7567100000000001
0.78521
0.72824
0.7207560000000001
0.7644400000000001
0.723814
0.7725599999999999
0.7552719999999999
0.726118
0.75136
0.7637
0.730886
0.7663719999999999
0.7629520000000001
0.71897
0.756662
0.771044
0.7440079999999999
0.754872
0.7275499999999999
0.7363780000000001
0.7339760000000001
