0.591394
0.5
0.560236
0.5
0.6417400000000001
0.5920940000000001
0.574322
0.64263
0.6986439999999999
0.632324
0.643844
0.6677219999999999
0.636858
0.6518839999999999
0.666486
0.673324
0.62595
0.633278
0.692366
0.647952
0.6434639999999999
0.680064
0.693344
0.6526280000000001
0.658596
0.7075819999999999
0.625764
0.685054
0.654902
0.66574
0.7027639999999999
0.5914299999999999
0.71264
0.6466759999999999
0.665196
0.6500360000000001
0.676258
0.6236600000000001
0.677436
0.7213560000000001
0.65782
0.6796220000000001
0.6362700000000001
0.6885919999999999
0.658326
0.632004
0.648662
0.6652739999999999
0.675736
0.624616
0.672306
0.637128
0.6477379999999999
0.6571100000000001
0.623054
0.654466
0.66684
0.6095659999999999
0.592764
0.597426
0.64021
0.612318
0.630022
0.59889
0.645168
0.62636
0.6649
0.6432519999999999
0.6095839999999999
0.573858
0.606962
0.605534
0.647494
0.600096
0.607638
0.638002
0.6307480000000001
0.631516
0.5906560000000001
0.638372
0.641934
0.552636
0.629006
0.61212
0.633524
0.5949180000000001
0.6194900000000001
0.653244
0.583412
0.5427759999999999
0.613142
0.61578
0.6406339999999999
0.616684
0.61414
0.582242
0.606806
0.562198
0.654014
0.5944879999999999
