0.595734
0.640254
0.603208
0.6471399999999999
0.6436879999999999
0.6364460000000001
0.611516
0.629526
0.62561
0.662208
0.693274
0.68874
0.6485560000000001
0.704808
0.654934
0.6606880000000002
0.6748980000000001
0.629048
0.730314
0.719954
0.679158
0.619614
0.6594740000000001
0.68462
0.746008
0.661964
0.700918
0.6917500000000001
0.728532
0.741668
0.7249
0.6598299999999999
0.7390579999999999
0.654644
0.757022
0.7239979999999999
0.7247640000000001
0.7093419999999999
0.707486
0.721262
0.6831219999999999
0.7423799999999999
0.7002879999999999
0.730738
0.7122959999999999
0.748798
0.7182440000000001
0.7477860000000001
0.7366060000000001
0.73696
0.745226
0.7368600000000001
0.704158
0.746462
0.685484
0.7421179999999999
0.762562
0.735508
0.7331479999999999
0.7372500000000001
0.7837740000000001
0.740726
0.7320019999999999
0.744406
0.747206
0.7405539999999999
0.744402
0.768444
0.7301880000000001
0.74198
0.7298779999999999
0.755716
0.692554
0.748444
0.7285200000000001
0.747452
0.7563840000000001
0.7505499999999999
0.722446
0.705186
0.7283200000000001
0.748756
0.739162
0.7015119999999999
0.7217
0.7493640000000001
0.7381519999999999
0.673666
0.73709
0.7274740000000001
0.7307739999999999
0.69791
0.726556
0.6739639999999999
0.7484999999999999
0.72176
0.724556
0.759304
0.734704
0.736554
