0.611532
0.571972
0.613208
0.638668
0.571286
0.619902
0.667008
0.61166
0.6301640000000001
0.6708479999999999
0.5889260000000001
0.5844199999999999
0.6277100000000001
0.597376
0.628594
0.636524
0.588546
0.606044
0.623066
0.621654
0.61356
0.602644
0.590976
0.580272
0.5893759999999999
0.6630799999999999
0.6614540000000001
0.595712
0.6475900000000001
0.596386
0.60588
0.63013
0.65043
0.620046
0.5969880000000001
0.6359719999999999
0.576906
0.63038
0.5972000000000001
0.628556
0.6306499999999999
0.637386
0.622094
0.636744
0.6479299999999999
0.625818
0.6295299999999999
0.6347659999999999
0.628452
0.6398820000000001
0.616974
0.6200859999999999
0.620982
0.641474
0.6317839999999999
0.6446099999999999
0.614256
0.5948979999999999
0.6408180000000001
0.61166
0.649404
0.615726
0.6431279999999999
0.656208
0.616866
0.632486
0.65515
0.617134
0.6370560000000001
0.629644
0.620684
0.644172
0.598306
0.6185959999999999
0.644678
0.6139119999999999
0.6262800000000001
0.637512
0.6247499999999999
0.607758
0.6177980000000001
0.594694
0.618642
0.652112
0.642836
0.6622119999999999
0.6484820000000001
0.616598
0.636416
0.62319
0.6251439999999999
0.6175259999999999
0.651014
0.638354
0.617364
0.65771
0.585062
0.6593199999999999
0.613704
0.65716
