0.6342
0.5
0.549016
0.559366
0.549184
0.62093
0.523946
0.5559000000000001
0.66318
0.56726
0.637958
0.6784699999999999
0.6729299999999999
0.575162
0.625536
0.5724020000000001
0.590774
0.5250360000000001
0.6057159999999999
0.684174
0.619016
0.6641600000000001
0.6286999999999999
0.6681720000000001
0.65569
0.6137360000000001
0.639576
0.6089039999999999
0.596828
0.6024039999999999
0.63087
0.658176
0.6603439999999999
0.674868
0.62185
0.619016
0.688138
0.6158159999999999
0.6945880000000001
0.578622
0.669136
0.72827
0.67873
0.708686
0.6517000000000001
0.6634500000000001
0.664642
0.614378
0.707488
0.633994
0.6988979999999999
0.6422800000000001
0.64367
0.67934
0.6320439999999999
0.719048
0.6706719999999999
0.6146
0.696512
0.640286
0.722108
0.6373819999999999
0.691208
0.63184
0.67129
0.6551779999999999
0.6795640000000001
0.631116
0.669686
0.664666
0.583056
0.670786
0.655802
0.6461359999999999
0.723454
0.673438
0.6864159999999999
0.718174
0.630544
0.674184
0.6457740000000001
0.6610379999999999
0.660476
0.67818
0.691932
0.6228119999999999
0.7286879999999999
0.620372
0.6536239999999999
0.644194
0.648014
0.679836
0.6582539999999999
0.6190479999999999
0.6416339999999999
0.665868
0.6122759999999999
0.666936
0.6613640000000001
0.646986
