0.5989880000000001
0.5809500000000001
0.6241239999999999
0.549366
0.6229480000000001
0.530326
0.542064
0.567796
0.592252
0.584778
0.5785480000000001
0.615316
0.6749240000000001
0.643996
0.5943139999999999
0.628398
0.6773720000000001
0.651346
0.565796
0.613746
0.654728
0.5928499999999999
0.692704
0.625148
0.615956
0.6903360000000001
0.6761299999999999
0.6126900000000001
0.662978
0.620224
0.683202
0.6842360000000001
0.6997720000000001
0.62788
0.68986
0.5941660000000001
0.62573
0.661724
0.667082
0.6790959999999999
0.6629139999999999
0.677136
0.663518
0.62407
0.677546
0.66558
0.6830959999999999
0.666918
0.655186
0.700456
0.677996
0.642546
0.7123379999999999
0.6858559999999999
0.66365
0.649726
0.7207399999999999
0.597382
0.7233400000000001
0.67179
0.645468
0.699136
0.711152
0.6959740000000001
0.589816
0.6750779999999998
0.616758
0.644638
0.677832
0.7045119999999999
0.69561
0.640314
0.716854
0.6820440000000001
0.6978800000000001
0.6729559999999999
0.6413420000000001
0.684726
0.671866
0.6511480000000001
0.7066979999999999
0.6276099999999999
0.6514719999999999
0.6842839999999999
0.626512
0.6755220000000001
0.6769259999999999
0.67068
0.6932259999999999
0.708634
0.65032
0.608358
0.6971480000000001
0.65879
0.692624
0.665642
0.621622
0.6688080000000001
0.686536
0.69552
