0.640094
0.5
0.5
0.5
0.661882
0.5
0.5
0.5
0.632274
0.647382
0.6072740000000001
0.612968
0.6295
0.597818
0.5772499999999999
0.625012
0.5995619999999999
0.6113160000000001
0.605396
0.7067060000000001
0.661698
0.662946
0.657724
0.6530079999999999
0.6619440000000001
0.576936
0.6565980000000001
0.6815899999999999
0.692702
0.6360460000000001
0.6183479999999999
0.67684
0.6935720000000001
0.669162
0.6513500000000001
0.6788360000000001
0.670812
0.597672
0.641088
0.656542
0.67909
0.727028
0.7014980000000001
0.697566
0.668294
0.647634
0.6144880000000001
0.6463000000000001
0.712512
0.699224
0.6468900000000001
0.643606
0.672326
0.700424
0.668382
0.66537
0.6829479999999999
0.687406
0.6155379999999999
0.668806
0.603284
0.6309720000000001
0.5938920000000001
0.609854
0.68034
0.606676
0.70019
0.618162
0.638996
0.690006
0.669308
0.617502
0.7081360000000001
0.63916
0.614168
0.6607180000000001
0.6311300000000001
0.655048
0.5979220000000001
0.6384620000000001
0.6149579999999999
0.66135
0.609626
0.565682
0.62679
0.608894
0.532276
0.667354
0.674224
0.547252
0.660714
0.6314040000000001
0.543798
0.6060239999999999
0.61517
0.632576
0.6928239999999999
0.589372
0.697112
0.60605
