0.613412
0.5
0.5
0.62959
0.5
0.5
0.6144339999999999
0.5
0.638658
0.641552
0.67967
0.636688
0.665802
0.64582
0.5
0.658326
0.6322160000000001
0.6553220000000001
0.655748
0.61976
0.61048
0.644454
0.5
0.63713
0.609642
0.6263
0.578062
0.6878179999999999
0.6806019999999999
0.6055379999999999
0.5841099999999999
0.6261019999999999
0.637236
0.702434
0.7297839999999999
0.596904
0.70665
0.5
0.700354
0.716218
0.670496
0.663542
0.662908
0.6747960000000001
0.69568
0.720574
0.679098
0.63769
0.6742819999999999
0.67639
0.712508
0.6944799999999999
0.5
0.699004
0.6953239999999999
0.7175980000000001
0.7112600000000001
0.679532
0.6277539999999999
0.68853
0.6767460000000001
0.714136
0.6714340000000001
0.650206
0.67382
0.67273
0.609434
0.660604
0.682696
0.69267
0.714128
0.665132
0.65093
0.6812900000000001
0.673964
0.665916
0.676594
0.613688
0.658474
0.66604
0.6915060000000001
0.6990479999999999
0.702902
0.631888
0.6655099999999999
0.641936
0.685152
0.667206
0.658436
0.678844
0.6678820000000001
0.6263420000000001
0.671346
0.637462
0.636866
0.667454
0.65021
0.70554
0.7060240000000001
0.694666
