0.551652
0.675736
0.650034
0.643628
0.6385980000000001
0.662948
0.62725
0.643738
0.6246059999999999
0.6479860000000001
0.628676
0.6606019999999999
0.617
0.6548579999999999
0.599156
0.602002
0.6536900000000001
0.6299819999999999
0.6170779999999999
0.6473080000000001
0.600714
0.60822
0.612286
0.60556
0.5812919999999999
0.6173480000000001
0.6028140000000001
0.583054
0.6175999999999999
0.596064
0.633286
0.645336
0.681858
0.578742
0.599582
0.6189739999999999
0.601658
0.64703
0.628686
0.6248539999999999
0.649278
0.6223359999999999
0.6363059999999999
0.610856
0.624294
0.659286
0.642028
0.637826
0.607692
0.656694
0.6444079999999999
0.61529
0.620012
0.622714
0.6537099999999999
0.605828
0.582184
0.571844
0.64192
0.6513300000000001
0.613904
0.638144
0.61366
0.671466
0.6520940000000001
0.651184
0.6503059999999999
0.5684359999999999
0.5702699999999999
0.655126
0.609496
0.61698
0.659814
0.592804
0.628932
0.656086
0.5873120000000001
0.637538
0.654238
0.625598
0.6283799999999999
0.653076
0.6258520000000001
0.636888
0.596108
0.607998
0.590702
0.645102
0.6705639999999999
0.628048
0.606798
0.602652
0.6438060000000001
0.6268659999999999
0.57904
0.61734
0.630468
0.607922
0.620044
0.625332
