0.5517219999999999
0.5887
0.632992
0.659688
0.57996
0.582444
0.612332
0.635432
0.583742
0.638368
0.579454
0.634326
0.612108
0.625548
0.60416
0.576334
0.6127859999999999
0.5997399999999999
0.59381
0.603518
0.599286
0.635764
0.637888
0.609404
0.621928
0.59966
0.5726499999999999
0.626194
0.60806
0.6277520000000001
0.637878
0.572496
0.612528
0.58109
0.5983480000000001
0.6175839999999999
0.63219
0.604622
0.5852379999999999
0.621808
0.55381
0.605952
0.6042959999999999
0.6370899999999999
0.587642
0.552612
0.5887140000000001
0.6058839999999999
0.558646
0.6145560000000001
0.629866
0.624024
0.5995299999999999
0.634322
0.622054
0.6549440000000001
0.5853280000000001
0.640058
0.603224
0.62832
0.62985
0.6277820000000001
0.59961
0.589094
0.642512
0.6337280000000001
0.623898
0.591154
0.6470980000000001
0.623046
0.621528
0.59406
0.6305259999999999
0.591438
0.600502
0.6209319999999999
0.610444
0.629024
0.651564
0.609864
0.626358
0.63567
0.643604
0.63101
0.6330160000000001
0.655658
0.626908
0.6115979999999999
0.637426
0.61784
0.66512
0.632626
0.5951159999999999
0.639898
0.651582
0.61979
0.621496
0.611038
0.5960479999999999
0.625928
