0.615492
0.563674
0.559698
0.573766
0.625784
0.640004
0.551658
0.558112
0.547932
0.573242
0.578118
0.5579999999999999
0.5869000000000001
0.565312
0.588732
0.572392
0.600254
0.579654
0.6209979999999999
0.56738
0.604876
0.592946
0.614738
0.578168
0.603916
0.645608
0.584466
0.64271
0.670756
0.606538
0.6040179999999999
0.596124
0.6227719999999999
0.632338
0.62398
0.6064860000000001
0.636498
0.62013
0.631748
0.630682
0.615024
0.653704
0.637452
0.639602
0.624182
0.6442880000000001
0.630902
0.62057
0.6537139999999999
0.647752
0.605682
0.6372479999999999
0.66436
0.634628
0.6570499999999999
0.677378
0.614694
0.647524
0.6338919999999999
0.67139
0.6326820000000001
0.68161
0.638238
0.6418019999999999
0.643702
0.635696
0.626546
0.6673460000000001
0.6234500000000001
0.640252
0.677386
0.658604
0.671476
0.64873
0.66121
0.632962
0.6900299999999999
0.659278
0.6439159999999999
0.644662
0.65751
0.6420640000000001
0.6525799999999999
0.6723
0.6392920000000001
0.6796239999999999
0.700596
0.646722
0.6447499999999999
0.658114
0.678012
0.644158
0.664342
0.6628480000000001
0.672064
0.6530320000000001
0.644876
0.6219180000000001
0.66144
0.662426
