0.653054
0.5889559999999999
0.57829
0.535668
0.5806060000000001
0.621348
0.563012
0.568218
0.66081
0.55093
0.599138
0.631548
0.6224000000000001
0.5738420000000001
0.56657
0.5721379999999999
0.552616
0.5507120000000001
0.6178640000000001
0.657854
0.6379819999999999
0.693704
0.6223000000000001
0.629366
0.578362
0.636528
0.626782
0.6510100000000001
0.5996300000000001
0.602042
0.6763199999999999
0.654102
0.600474
0.643756
0.637652
0.633528
0.6787400000000001
0.6682159999999999
0.6493779999999999
0.639204
0.605622
0.677798
0.662668
0.7058479999999999
0.6685479999999999
0.653798
0.677502
0.645376
0.66694
0.637894
0.7041280000000001
0.65945
0.646792
0.688774
0.6549320000000001
0.696982
0.6714279999999999
0.657864
0.672148
0.65822
0.713312
0.6447480000000001
0.6596359999999999
0.64588
0.6877139999999999
0.6255999999999999
0.670342
0.6797
0.652202
0.679716
0.6388420000000001
0.645014
0.676664
0.6871379999999999
0.6988439999999999
0.660004
0.64437
0.659126
0.681262
0.68001
0.647836
0.705778
0.69259
0.712686
0.6970040000000001
0.666
0.709028
0.6674519999999999
0.644456
0.666264
0.638014
0.65395
0.665658
0.6785819999999999
0.6604220000000001
0.677612
0.667706
0.663994
0.6902600000000001
0.6680079999999999
