0.605568
0.655606
0.6545280000000001
0.67357
0.6519579999999999
0.642356
0.6752319999999999
0.65453
0.661168
0.64769
0.6368900000000001
0.6529560000000001
0.6429560000000001
0.671736
0.6246659999999999
0.6305120000000001
0.660488
0.668834
0.65213
0.684256
0.664744
0.667838
0.658196
0.668928
0.6873
0.677588
0.711194
0.712234
0.69968
0.67953
0.669166
0.718454
0.697426
0.723944
0.70168
0.701468
0.7218
0.6695259999999998
0.710718
0.703452
0.7148100000000001
0.725306
0.718658
0.7086779999999999
0.719872
0.724936
0.715864
0.762728
0.70832
0.7487240000000001
0.7130340000000001
0.7487779999999999
0.711944
0.72003
0.734124
0.723986
0.732556
0.69815
0.74246
0.7312040000000001
0.73005
0.748718
0.73604
0.751892
0.7074
0.73199
0.7172839999999999
0.732238
0.7472679999999999
0.741232
0.7524419999999999
0.749454
0.7200620000000001
0.758222
0.7184719999999999
0.7401519999999999
0.771686
0.7219659999999999
0.7541180000000001
0.757096
0.742848
0.732494
0.746838
0.733454
0.7173360000000001
0.748844
0.724058
0.7202439999999999
0.762716
0.7315
0.73921
0.6977300000000001
0.750134
0.765502
0.717592
0.7248160000000001
0.7188180000000001
0.772686
0.712032
0.7552359999999999
