0.6088939999999999
0.6297619999999999
0.5
0.560666
0.6200819999999999
0.512412
0.6008279999999999
0.625004
0.600168
0.6011559999999999
0.517328
0.597214
0.627008
0.6588960000000001
0.59177
0.689024
0.7006359999999999
0.656868
0.5756840000000001
0.63672
0.668628
0.6538780000000001
0.6519159999999999
0.6201
0.644778
0.6935439999999999
0.635608
0.6470720000000001
0.6672659999999999
0.5938340000000001
0.659
0.687826
0.735424
0.61528
0.6845
0.677152
0.6152799999999999
0.6527999999999998
0.703028
0.681442
0.66826
0.7010419999999999
0.7165100000000001
0.602124
0.695842
0.650716
0.710064
0.705002
0.744004
0.702398
0.728288
0.661338
0.67209
0.656266
0.674764
0.6726460000000001
0.685298
0.61702
0.663146
0.7053719999999999
0.6426100000000001
0.64655
0.70061
0.625612
0.69387
0.690858
0.6298199999999999
0.7030320000000001
0.6413220000000001
0.705764
0.673908
0.689308
0.715782
0.65051
0.724072
0.6956079999999999
0.6585939999999999
0.6608580000000001
0.6850360000000001
0.65351
0.732748
0.6345800000000001
0.675172
0.680346
0.6317539999999999
0.6804000000000001
0.6164700000000001
0.65557
0.6895579999999999
0.6220460000000001
0.7225499999999999
0.587376
0.678308
0.6947679999999999
0.66425
0.657342
0.669444
0.7099099999999999
0.673256
0.6922079999999999
