0.5
0.6456000000000001
0.5
0.647668
0.59978
0.561748
0.5
0.582754
0.591022
0.6734539999999999
0.6573019999999999
0.6304719999999999
0.629268
0.6062259999999999
0.668374
0.637516
0.69347
0.681824
0.674232
0.648492
0.6309100000000001
0.683262
0.6164740000000001
0.6293239999999999
0.657848
0.672158
0.70217
0.683246
0.691718
0.644952
0.624166
0.62164
0.683602
0.6992899999999999
0.6880740000000001
0.6227119999999999
0.664006
0.664872
0.704034
0.703774
0.7183660000000001
0.697402
0.649774
0.654554
0.687258
0.598804
0.6560819999999999
0.665196
0.72509
0.6759459999999999
0.6880479999999999
0.636438
0.679668
0.631772
0.679426
0.698804
0.70924
0.677198
0.6944739999999999
0.67054
0.6432640000000001
0.682894
0.699122
0.6573599999999999
0.6735179999999998
0.675398
0.60444
0.70869
0.671998
0.67589
0.6894
0.6510959999999999
0.624116
0.679358
0.678146
0.6419560000000001
0.6679900000000001
0.6889
0.6955859999999999
0.67341
0.6830379999999999
0.675902
0.6568180000000001
0.6661159999999999
0.638952
0.6535880000000001
0.655662
0.6844680000000001
0.6573000000000001
0.6710339999999999
0.6541999999999999
0.667958
0.662064
0.6610739999999999
0.664594
0.687922
0.6304459999999998
0.5743159999999999
0.667244
0.645972
