0.584898
0.591938
0.620868
0.6534760000000001
0.5799960000000001
0.6319180000000001
0.629444
0.5
0.637618
0.60499
0.632108
0.68777
0.6093379999999999
0.7276659999999999
0.6912999999999999
0.6982240000000001
0.6716059999999999
0.649776
0.6897259999999998
0.665048
0.627268
0.669864
0.697626
0.695908
0.649308
0.691242
0.6760900000000001
0.736102
0.7122799999999999
0.73248
0.701864
0.696084
0.693686
0.67852
0.6735260000000001
0.6956920000000001
0.7326779999999999
0.679744
0.690488
0.6346280000000001
0.6197839999999999
0.709782
0.6994940000000001
0.642926
0.6432019999999999
0.6846779999999999
0.711116
0.65426
0.695186
0.619362
0.69126
0.70854
0.7118939999999999
0.6864480000000001
0.689576
0.652568
0.630744
0.62711
0.635094
0.613054
0.653128
0.659454
0.669826
0.641454
0.5754600000000001
0.614716
0.6049119999999999
0.62195
0.590164
0.592726
0.6273500000000001
0.5356080000000001
0.64009
0.5983919999999999
0.622946
0.58829
0.5759179999999999
0.580296
0.56674
0.6181079999999999
0.552736
0.525326
0.592678
0.566408
0.6354219999999999
0.6195280000000001
0.61875
0.547
0.579914
0.592508
0.5985940000000001
0.63534
0.6141960000000001
0.580396
0.556054
0.566916
0.561692
0.615062
0.5729479999999999
0.5771519999999999
