0.610548
0.64516
0.626884
0.634678
0.60781
0.684612
0.6052799999999999
0.5901540000000001
0.618758
0.592668
0.635092
0.6654100000000001
0.6374899999999999
0.56275
0.629192
0.640896
0.619714
0.625216
0.671396
0.648674
0.649888
0.5714779999999999
0.636722
0.641288
0.627514
0.637926
0.625378
0.605902
0.656714
0.6523239999999999
0.629812
0.608428
0.550584
0.6526700000000001
0.641478
0.608544
0.6178800000000001
0.6356120000000001
0.668038
0.5893339999999999
0.616382
0.62922
0.6195379999999999
0.660062
0.612538
0.6644559999999999
0.590156
0.628968
0.6574260000000001
0.649408
0.609634
0.631662
0.6252420000000001
0.614042
0.586938
0.650212
0.5913999999999999
0.578742
0.67096
0.6152719999999999
0.6693560000000001
0.6323059999999999
0.624358
0.648382
0.6535920000000001
0.663664
0.5846659999999999
0.6464380000000001
0.6437660000000001
0.65549
0.6482079999999999
0.635446
0.648822
0.628014
0.6016520000000001
0.6568280000000001
0.620114
0.649018
0.578692
0.593876
0.6564779999999999
0.645022
0.635048
0.617394
0.580596
0.6351819999999999
0.6455739999999999
0.601006
0.642398
0.6664899999999999
0.606344
0.637534
0.643646
0.647302
0.652872
0.65758
0.620178
0.631896
0.594344
0.6207600000000001
