0.628422
0.5862719999999999
0.647888
0.616212
0.634302
0.657758
0.57968
0.582172
0.6501199999999999
0.603394
0.679024
0.643708
0.676554
0.581796
0.633812
0.675932
0.6775119999999999
0.6334359999999999
0.65884
0.6843239999999999
0.669394
0.702712
0.67691
0.659266
0.6578579999999999
0.727604
0.677332
0.7232660000000001
0.6945920000000001
0.6877399999999999
0.697124
0.681524
0.694698
0.71737
0.744892
0.717652
0.7079499999999999
0.7263740000000001
0.7272759999999999
0.727908
0.720548
0.706438
0.718752
0.709354
0.727592
0.71466
0.676948
0.721282
0.718038
0.679578
0.728992
0.7374620000000001
0.7140419999999998
0.732394
0.6398619999999999
0.6672939999999999
0.7321160000000001
0.73803
0.7225659999999999
0.7360479999999999
0.7255039999999999
0.7523559999999999
0.699376
0.730486
0.7331179999999999
0.7121879999999999
0.7297919999999999
0.75815
0.74843
0.6967819999999999
0.746904
0.727012
0.725356
0.67201
0.69378
0.7218
0.716568
0.742902
0.736964
0.751212
0.7260660000000001
0.7072099999999999
0.7395
0.74211
0.7347919999999999
0.749876
0.7403000000000001
0.747928
0.734558
0.747662
0.735502
0.6951579999999999
0.74917
0.734628
0.684484
0.752326
0.73946
0.735944
0.73352
0.730954
