0.5896480000000001
0.567384
0.606916
0.543956
0.570566
0.6521060000000001
0.577348
0.56376
0.630058
0.5220859999999999
0.587566
0.6470779999999999
0.6507959999999999
0.586376
0.5787100000000001
0.587632
0.588546
0.556484
0.58883
0.639578
0.56429
0.6842679999999999
0.5706880000000001
0.650844
0.5511839999999999
0.584784
0.5860559999999999
0.591306
0.588148
0.5915199999999999
0.649902
0.6419400000000001
0.591426
0.601798
0.572214
0.576822
0.6461279999999999
0.608722
0.624422
0.574026
0.60688
0.6408459999999999
0.5945779999999999
0.65783
0.5913799999999999
0.606036
0.608612
0.5950219999999999
0.67018
0.598188
0.68172
0.58867
0.603542
0.675124
0.584632
0.626158
0.573466
0.613468
0.6519280000000001
0.60372
0.6439260000000001
0.5966419999999999
0.5791759999999999
0.5854900000000001
0.605224
0.61266
0.586462
0.5698559999999999
0.613082
0.696156
0.571666
0.640564
0.5933
0.598644
0.63609
0.6033999999999999
0.598806
0.638196
0.603008
0.5754319999999999
0.57261
0.5585499999999999
0.6124319999999999
0.6630259999999999
0.603174
0.588808
0.669416
0.6530140000000001
0.59759
0.6019559999999999
0.611696
0.639468
0.614122
0.6275000000000001
0.600672
0.6122099999999999
0.57197
0.6201260000000001
0.645894
0.60989
