0.647202
0.5
0.6316740000000001
0.6284559999999999
0.5
0.5974119999999999
0.5
0.681662
0.608726
0.6448279999999998
0.686974
0.626674
0.613864
0.6666759999999999
0.695528
0.6318840000000001
0.72053
0.67175
0.6269399999999999
0.6818000000000001
0.681044
0.65745
0.627752
0.572642
0.58415
0.6394660000000001
0.621148
0.590872
0.597612
0.676634
0.652214
0.66025
0.652506
0.686032
0.643758
0.7039759999999999
0.689052
0.609006
0.675198
0.611768
0.675616
0.681076
0.6541819999999999
0.617928
0.67214
0.617336
0.6191739999999999
0.5982719999999999
0.634192
0.661362
0.64885
0.6686420000000001
0.675902
0.587996
0.665712
0.655286
0.676024
0.610484
0.685462
0.633986
0.642436
0.63107
0.6636299999999999
0.599942
0.6147159999999999
0.6308400000000001
0.656818
0.595482
0.641914
0.6349940000000001
0.593714
0.625692
0.64152
0.659674
0.6653819999999999
0.6097880000000001
0.6244259999999999
0.6173339999999999
0.611546
0.6068600000000001
0.669906
0.620994
0.6262939999999999
0.6154900000000001
0.61851
0.5954780000000001
0.6431199999999999
0.6517080000000001
0.6148200000000001
0.587128
0.640948
0.580622
0.630972
0.618394
0.6376919999999999
0.6325
0.61387
0.6497080000000001
0.576142
0.564154
