0.60411
0.657166
0.664942
0.603182
0.625546
0.636184
0.6283000000000001
0.636062
0.6459520000000001
0.661914
0.62777
0.652104
0.6532439999999999
0.674806
0.655738
0.664444
0.6742219999999999
0.682466
0.68967
0.6552439999999999
0.6848020000000001
0.681484
0.732676
0.726828
0.708408
0.7272959999999999
0.728062
0.706336
0.7201059999999999
0.726064
0.738794
0.734674
0.734216
0.731818
0.682902
0.736536
0.7420300000000001
0.7073799999999999
0.736694
0.727376
0.7447400000000001
0.6969559999999999
0.73091
0.712674
0.7509119999999999
0.723838
0.737248
0.748142
0.7253580000000001
0.742606
0.7299939999999999
0.7348899999999999
0.702612
0.751176
0.742224
0.7417959999999999
0.7467360000000001
0.7224900000000001
0.75943
0.739974
0.73578
0.694428
0.733474
0.741938
0.71898
0.7375219999999999
0.708198
0.7271000000000001
0.723168
0.7537900000000001
0.691982
0.729224
0.73386
0.7515619999999998
0.734864
0.7466160000000001
0.750856
0.763514
0.741246
0.7546899999999999
0.733954
0.7260799999999998
0.735002
0.751678
0.73754
0.742556
0.7340279999999999
0.718436
0.6981059999999999
0.733754
0.732808
0.7297539999999999
0.712606
0.7525620000000001
0.714022
0.742128
0.73337
0.730682
0.728378
0.7359699999999999
