0.606832
0.567432
0.62446
0.606842
0.671388
0.5
0.652236
0.594584
0.608774
0.6525360000000001
0.647586
0.5
0.629882
0.697314
0.6470119999999999
0.693292
0.6767719999999999
0.629452
0.6670279999999998
0.693126
0.706794
0.7160500000000001
0.683268
0.7186140000000001
0.671644
0.67465
0.6593339999999999
0.7133919999999999
0.714064
0.703846
0.689974
0.7572439999999999
0.6874919999999999
0.6956
0.721984
0.653538
0.648954
0.72533
0.6982079999999999
0.71801
0.6426259999999999
0.7053619999999999
0.637568
0.674978
0.625084
0.68521
0.673628
0.723814
0.680596
0.658478
0.6532180000000001
0.657542
0.61672
0.600256
0.6058
0.7001379999999999
0.710366
0.658392
0.629234
0.5959840000000001
0.6665399999999999
0.623748
0.6540320000000001
0.57504
0.70953
0.67864
0.642256
0.668164
0.671986
0.631798
0.6740379999999999
0.633144
0.601186
0.6562580000000001
0.6352099999999999
0.674022
0.6221780000000001
0.618936
0.631892
0.60309
0.6324040000000001
0.663294
0.6351519999999999
0.614776
0.6690879999999999
0.654882
0.657398
0.6224919999999999
0.648892
0.546326
0.638548
0.62713
0.610296
0.62721
0.6119479999999999
0.6482680000000001
0.647464
0.583142
0.672296
0.627238
