0.6263139999999999
0.5
0.548934
0.5765140000000001
0.634722
0.608708
0.54808
0.5713079999999999
0.563076
0.5790580000000001
0.556614
0.594046
0.6258979999999998
0.56217
0.643502
0.552428
0.585492
0.587194
0.659724
0.5692659999999999
0.615658
0.5916939999999999
0.63269
0.591646
0.63746
0.596844
0.595184
0.574404
0.699236
0.549004
0.592592
0.578788
0.6456359999999999
0.6368659999999999
0.648264
0.60319
0.655718
0.639826
0.6589419999999999
0.610584
0.64699
0.657136
0.654974
0.666088
0.598528
0.6370339999999999
0.628502
0.64561
0.6445620000000001
0.6318079999999999
0.6294639999999999
0.663658
0.641564
0.62614
0.623522
0.689728
0.6447419999999999
0.6530039999999999
0.610042
0.63822
0.6417780000000001
0.6636219999999999
0.594562
0.691052
0.707966
0.658896
0.6175759999999999
0.69347
0.64044
0.670476
0.6484859999999999
0.6936559999999999
0.642072
0.684836
0.638826
0.6910580000000001
0.6414759999999999
0.6550799999999999
0.679006
0.6864140000000001
0.651644
0.6780940000000001
0.641238
0.696256
0.652284
0.704658
0.70741
0.682434
0.672174
0.6815079999999999
0.708494
0.6793479999999998
0.683618
0.692052
0.671946
0.6452699999999999
0.689588
0.6502760000000001
0.6687279999999999
0.653432
