0.612536
0.5
0.597762
0.5
0.6076459999999999
0.6414859999999999
0.60901
0.60294
0.65906
0.630752
0.6028279999999999
0.6507819999999999
0.643724
0.6403639999999999
0.601646
0.6333099999999999
0.643388
0.66584
0.6620039999999999
0.5
0.6204560000000001
0.651636
0.677186
0.603702
0.5869880000000001
0.659908
0.5
0.684944
0.66772
0.6417800000000001
0.5
0.655226
0.5
0.704008
0.681168
0.6957220000000001
0.6842959999999999
0.6459180000000001
0.64545
0.667924
0.68119
0.703826
0.6317860000000001
0.7043480000000001
0.646806
0.605502
0.6910259999999999
0.679374
0.682624
0.689338
0.6942159999999999
0.6956359999999999
0.656806
0.7031999999999999
0.7168199999999999
0.69348
0.7111080000000001
0.648554
0.6760840000000001
0.676342
0.679846
0.665666
0.656806
0.597976
0.6868779999999999
0.656756
0.62832
0.643232
0.650984
0.662048
0.62177
0.670872
0.683958
0.6605139999999999
0.698136
0.685928
0.6367520000000001
0.652136
0.6994199999999999
0.668694
0.638498
0.602252
0.682862
0.6395379999999999
0.682888
0.6801820000000001
0.6346399999999999
0.6682899999999999
0.6419739999999999
0.657992
0.579234
0.715888
0.6514359999999999
0.661022
0.633046
0.695832
0.63339
0.6315900000000001
0.68398
0.628694
