0.551272
0.643314
0.6720240000000001
0.568226
0.62744
0.5838019999999999
0.639286
0.615594
0.663746
0.5843039999999999
0.63714
0.593126
0.6380859999999999
0.579242
0.640672
0.578066
0.572508
0.62455
0.6312160000000001
0.62833
0.594772
0.62754
0.5993040000000001
0.609166
0.601858
0.66076
0.634844
0.622974
0.6192460000000001
0.601848
0.6017039999999999
0.612458
0.6122139999999999
0.5858880000000001
0.641468
0.60015
0.6205660000000001
0.6197119999999999
0.601406
0.616482
0.6063379999999999
0.640706
0.6207
0.65366
0.5827979999999999
0.6405540000000001
0.6338060000000001
0.62812
0.669682
0.603108
0.582566
0.655836
0.6025879999999999
0.6344500000000001
0.602106
0.6300680000000001
0.6366919999999999
0.630736
0.625272
0.626054
0.62554
0.6458259999999999
0.58365
0.640088
0.6428860000000001
0.633036
0.5988
0.617398
0.628792
0.569434
0.624248
0.6397299999999999
0.6245240000000001
0.607522
0.5850199999999999
0.6716959999999998
0.5643720000000001
0.5720679999999999
0.615156
0.5909500000000001
0.626438
0.5752499999999999
0.5764520000000001
0.631162
0.5732740000000001
0.5995480000000001
0.608164
0.584264
0.6122780000000001
0.588302
0.6449320000000001
0.5872679999999999
0.578652
0.579982
0.636278
0.5954839999999999
0.611022
0.608244
0.628622
0.638834
