0.626422
0.611668
0.6559259999999999
0.65312
0.64743
0.66125
0.580332
0.67625
0.668198
0.6788959999999999
0.64037
0.673892
0.680194
0.66858
0.7107979999999999
0.64028
0.68698
0.7175360000000001
0.658604
0.6831200000000001
0.654938
0.6921619999999999
0.71739
0.6213839999999999
0.682368
0.657884
0.6962240000000001
0.722046
0.70503
0.717484
0.668362
0.683444
0.667706
0.6691499999999999
0.694876
0.6740880000000001
0.71701
0.686916
0.7362519999999999
0.7186400000000001
0.6703720000000001
0.7335999999999999
0.720654
0.72817
0.7181620000000001
0.720096
0.707018
0.7131159999999999
0.716214
0.70139
0.7119759999999999
0.722288
0.6920459999999999
0.741138
0.711364
0.712202
0.724448
0.666564
0.654922
0.722608
0.742502
0.724038
0.713022
0.72054
0.720896
0.6716159999999999
0.715094
0.720128
0.723476
0.732128
0.7062060000000001
0.7167560000000001
0.7303999999999999
0.733518
0.732344
0.7000919999999999
0.6858099999999999
0.7234579999999999
0.694444
0.667662
0.7200240000000001
0.731512
0.7295140000000001
0.7319579999999999
0.730346
0.7364080000000001
0.70008
0.727758
0.725708
0.692748
0.7170059999999999
0.7117
0.7037979999999999
0.725298
0.718286
0.690374
0.708752
0.710302
0.70038
0.738492
