0.61146
0.5809059999999999
0.6468259999999999
0.621756
0.60755
0.658192
0.617888
0.594794
0.59555
0.648374
0.604332
0.6623100000000001
0.5706399999999999
0.552694
0.603576
0.593412
0.6189379999999999
0.61968
0.601672
0.600424
0.565444
0.656644
0.66721
0.635396
0.6019880000000001
0.611602
0.604148
0.59514
0.577852
0.613584
0.62878
0.661568
0.604086
0.634098
0.6257820000000001
0.63558
0.61228
0.5823
0.6636739999999999
0.616418
0.655408
0.6599719999999999
0.628536
0.629888
0.6342019999999999
0.60385
0.619862
0.633414
0.643858
0.636156
0.635554
0.6594800000000001
0.616952
0.637114
0.577068
0.626938
0.626696
0.643564
0.58717
0.6314
0.63587
0.64253
0.616704
0.6203719999999999
0.618974
0.621164
0.6329600000000001
0.633292
0.639394
0.645162
0.620796
0.614664
0.62884
0.625838
0.57638
0.664116
0.6362180000000001
0.6072299999999999
0.643972
0.589994
0.6258940000000001
0.6384280000000001
0.6353280000000001
0.654508
0.652048
0.639792
0.6389800000000001
0.6076779999999999
0.58032
0.6137000000000001
0.6558599999999999
0.612354
0.63379
0.616028
0.6295940000000001
0.641918
0.658864
0.654608
0.639778
0.610156
