0.6213139999999999
0.6256719999999999
0.6438039999999999
0.65258
0.631236
0.65116
0.655836
0.603534
0.6576360000000001
0.64687
0.6535479999999999
0.61939
0.658156
0.6180279999999999
0.60498
0.649038
0.679864
0.6795199999999999
0.667238
0.664788
0.6829219999999999
0.6776300000000001
0.678304
0.696906
0.682622
0.7029620000000001
0.688248
0.656384
0.721736
0.631238
0.716876
0.65834
0.6861180000000001
0.707918
0.675634
0.6751499999999999
0.7087180000000001
0.6991059999999999
0.730674
0.6862400000000001
0.7453580000000001
0.68623
0.702642
0.71942
0.735592
0.6984020000000001
0.69636
0.7020299999999999
0.6985999999999999
0.7461620000000001
0.728994
0.7374219999999999
0.7256159999999999
0.718538
0.70102
0.7252280000000001
0.7222300000000001
0.7350540000000001
0.739386
0.7380599999999999
0.720012
0.7119800000000001
0.704834
0.7314120000000001
0.732316
0.72831
0.7243120000000001
0.7512
0.731626
0.737528
0.740702
0.702564
0.732938
0.6971080000000001
0.7044700000000002
0.7408659999999999
0.7295780000000001
0.699118
0.711458
0.7017540000000001
0.732422
0.722222
0.72505
0.75402
0.7171399999999999
0.72627
0.72237
0.7374499999999999
0.7392500000000001
0.70141
0.6879319999999999
0.7263399999999999
0.726984
0.686278
0.7364100000000001
0.7112
0.7317419999999999
0.7322660000000001
0.7237840000000001
0.73428
