0.575362
0.603874
0.594312
0.5373479999999999
0.6014160000000001
0.5641579999999999
0.60599
0.67229
0.60407
0.583246
0.5818760000000001
0.6749099999999999
0.641698
0.681034
0.574844
0.6467419999999999
0.660898
0.661006
0.549048
0.57085
0.639304
0.6487379999999999
0.62893
0.555418
0.592046
0.632252
0.667646
0.59388
0.574296
0.585422
0.66985
0.6145640000000001
0.665776
0.59195
0.6137880000000001
0.58742
0.598234
0.6748780000000001
0.6154139999999999
0.6277459999999999
0.59284
0.623678
0.646626
0.59761
0.6450600000000002
0.5558240000000001
0.625284
0.679478
0.65859
0.622974
0.673528
0.563322
0.6594520000000001
0.64358
0.5783940000000001
0.5820940000000001
0.6387020000000001
0.57108
0.643316
0.66235
0.594164
0.671578
0.659844
0.5631379999999999
0.5780379999999999
0.667532
0.565548
0.596152
0.5825279999999999
0.6540720000000001
0.646124
0.594574
0.6266759999999998
0.6363260000000001
0.633394
0.573118
0.6054740000000001
0.55461
0.659496
0.578658
0.62462
0.57246
0.587806
0.5770679999999999
0.577492
0.5743860000000001
0.565262
0.651798
0.6619579999999999
0.6482300000000001
0.6548660000000001
0.55015
0.6357639999999999
0.591644
0.660526
0.578418
0.5985280000000001
0.6369539999999999
0.581734
0.660762
