0.645636
0.584818
0.59274
0.590628
0.6575239999999999
0.6580940000000001
0.559604
0.551724
0.560046
0.5502520000000001
0.573698
0.547076
0.5706640000000001
0.559034
0.55861
0.553196
0.5467899999999999
0.564172
0.6225040000000001
0.567738
0.591986
0.564928
0.5587679999999999
0.577808
0.590146
0.564882
0.570188
0.55925
0.6578219999999999
0.56438
0.577396
0.5825539999999999
0.57975
0.599188
0.568224
0.569506
0.5835400000000001
0.596824
0.6155660000000001
0.60167
0.5803639999999999
0.6058159999999999
0.6142799999999999
0.627186
0.601762
0.6090880000000001
0.5969439999999999
0.606422
0.585538
0.60512
0.600638
0.593574
0.6037359999999999
0.596742
0.590736
0.657244
0.6071479999999999
0.626038
0.592312
0.6170580000000001
0.607364
0.601698
0.616316
0.6179279999999999
0.6707000000000001
0.6043879999999999
0.6099039999999999
0.6073580000000001
0.624154
0.631536
0.5827600000000001
0.650486
0.630554
0.6012219999999999
0.620046
0.623618
0.605852
0.609666
0.622258
0.6404319999999999
0.633024
0.641618
0.630096
0.60885
0.589526
0.6709599999999999
0.6610579999999999
0.5886739999999999
0.598652
0.5883660000000001
0.6882839999999999
0.6167580000000001
0.607514
0.638962
0.624482
0.60143
0.6170019999999999
0.63955
0.600322
0.59889
