0.609908
0.6686200000000001
0.617026
0.6734899999999999
0.6702560000000001
0.624224
0.637126
0.6374380000000001
0.6481480000000001
0.656824
0.635632
0.676782
0.6667860000000001
0.671488
0.642486
0.6543220000000001
0.662716
0.68094
0.6493239999999999
0.677022
0.701558
0.669384
0.697928
0.7016979999999999
0.692256
0.714056
0.692492
0.7117760000000001
0.703192
0.725928
0.729042
0.6828339999999999
0.6964859999999999
0.706128
0.707686
0.733062
0.741816
0.7077859999999999
0.710586
0.7192660000000001
0.724426
0.720878
0.704344
0.757802
0.7459359999999999
0.709952
0.7240359999999999
0.7139699999999999
0.7334399999999999
0.759738
0.725884
0.759966
0.733212
0.7496879999999999
0.741894
0.72831
0.777598
0.7326119999999999
0.742886
0.75568
0.74225
0.741086
0.73242
0.752578
0.7647820000000001
0.743988
0.72575
0.7466240000000001
0.741038
0.72844
0.74359
0.7609260000000001
0.73026
0.719292
0.7468319999999999
0.750356
0.735234
0.7265780000000001
0.7234119999999999
0.741738
0.745654
0.752108
0.741022
0.7611219999999999
0.7308
0.747808
0.75246
0.724738
0.751838
0.7527739999999999
0.7210799999999999
0.738766
0.7753399999999999
0.744336
0.779002
0.7386280000000001
0.7378340000000001
0.714476
0.7512460000000001
0.749746
