0.6554220000000001
0.5
0.6085200000000001
0.64398
0.5
0.5
0.638694
0.5
0.601194
0.632822
0.5
0.6070499999999999
0.639756
0.628678
0.5891419999999999
0.600304
0.682702
0.541318
0.619222
0.631328
0.6851019999999999
0.569974
0.6290819999999999
0.660048
0.6327619999999999
0.5935739999999999
0.63179
0.639628
0.6203960000000001
0.6723279999999999
0.598356
0.6445420000000001
0.6514759999999999
0.5917220000000001
0.6174620000000001
0.64233
0.6689780000000001
0.64416
0.631178
0.6601259999999999
0.583986
0.70861
0.681662
0.6645660000000001
0.677956
0.601034
0.661706
0.66845
0.63089
0.6924399999999999
0.665352
0.579506
0.6807980000000001
0.627528
0.686672
0.6846080000000001
0.656628
0.712264
0.664656
0.671506
0.65477
0.653666
0.689284
0.6788780000000001
0.7234559999999999
0.6787
0.601618
0.6881120000000001
0.6265499999999999
0.6195820000000001
0.619938
0.595444
0.7073699999999999
0.702874
0.618814
0.626182
0.627366
0.71736
0.6578120000000001
0.714154
0.59094
0.659392
0.695608
0.693446
0.7274320000000001
0.704212
0.6629240000000001
0.618844
0.6788240000000001
0.69296
0.6880280000000001
0.69005
0.6565519999999999
0.684366
0.687522
0.650104
0.697638
0.60779
0.679446
0.678148
