29276.273644924164
11.360000000000001
10.08
27.400000000000002
31.47
36.97
38.29
42.24
43.14
46.87
52.51
53.080000000000005
57.03
52.23
59.260000000000005
58.28
65.10000000000001
61.839999999999996
67.35
61.809999999999995
69.78
65.86
71.58
69.02000000000001
72.44
71.04
73.42999999999999
70.30999999999999
71.46000000000001
69.28999999999999
72.15
72.46000000000001
74.65
74.81
75.58
75.14999999999999
74.99
75.69
77.89
78.4
78.74
79.05
78.59
79.74
79.13
79.24
78.86999999999999
79.33
78.95
79.99000000000001
78.46
80.10000000000001
79.35
80.42
80.03
80.38
79.06
80.42
79.42
80.04
78.93
80.34
79.97999999999999
81.38
82.3
82.93
82.94
82.88
82.76
83.06
83.22
82.6
82.78999999999999
82.92
82.86
83.76
82.91
83.41
83.07
83.66
83.81
83.67
83.67
83.73
83.28999999999999
84.17999999999999
84.45
84.50999999999999
84.77
84.38
84.57000000000001
84.2
84.55
84.07
84.37
83.75
84.34
83.89
84.45
84.46000000000001
84.63000000000001
84.54
84.47
84.21
85.47
85.7
85.59
84.94
85.63
84.92
85.6
85.33
85.46000000000001
85.15
85.34
84.99
85.6
84.93
85.17
84.74000000000001
85.08
85.09
85.96000000000001
85.48
86.29
85.99
86.63
86.11999999999999
86.7
86.04
86.58
85.81
86.49
85.78
86.33
85.57000000000001
86.13
86.11
86.17
86.35000000000001
86.63
86.6
86.71
86.92999999999999
86.86
86.7
86.86
86.65
86.99
86.50999999999999
86.92999999999999
