27635.155909776688
10.0
10.0
27.13
34.64
37.769999999999996
40.86
41.57
43.95
47.099999999999994
54.339999999999996
54.2
56.620000000000005
54.169999999999995
59.78
59.830000000000005
65.99000000000001
61.59
67.83
62.38
69.65
65.86
72.11999999999999
68.77
73.08
71.94
74.33
72.07000000000001
74.35000000000001
71.93
74.86
73.86
76.14
75.89
77.31
76.52
76.78
76.29
77.94
77.37
78.95
78.53999999999999
79.4
79.44
80.25999999999999
79.99000000000001
80.41
80.25999999999999
80.57
80.83
81.04
81.46
81.12
81.64
81.71000000000001
81.69999999999999
82.38
81.96
82.15
82.71
81.94
82.76
82.5
82.78999999999999
83.22
82.71
83.12
83.45
83.35000000000001
83.34
83.88
83.56
83.82
83.76
83.84
84.16
83.33
84.14
83.54
84.03
84.26
84.17
84.17
84.09
84.26
84.37
84.73
84.52
84.89999999999999
84.48
84.66
84.37
85.32
84.74000000000001
85.27
84.35000000000001
85.0
84.3
85.07000000000001
84.61999999999999
85.46000000000001
84.91
85.49
84.77
86.11999999999999
86.03
86.08
85.64
86.41
85.79
86.26
85.79
86.3
85.98
86.64
85.61999999999999
86.68
85.74000000000001
86.53999999999999
85.77
86.53999999999999
86.1
87.03999999999999
86.61
86.95
86.66
87.33999999999999
86.77
87.06
86.81
87.35000000000001
86.35000000000001
87.47
85.91
87.48
86.08
87.28
86.65
87.28
87.14
87.44
87.33
87.18
87.55
87.55
86.74
87.47
87.18
87.83999999999999
87.77000000000001
87.79
