30933.884605646133
10.0
14.680000000000001
10.0
12.920000000000002
25.419999999999998
38.74
41.33
41.64
45.910000000000004
48.620000000000005
48.99
55.04
56.26
58.040000000000006
60.86
62.41
64.03999999999999
64.87
66.14
66.88
67.55
67.84
68.13
68.66
68.75
69.47
69.06
69.33
69.38
69.27
67.43
68.88
68.76
66.61
66.74
67.82000000000001
67.47999999999999
66.92
66.55
66.63
66.05
65.12
65.71000000000001
65.74
63.739999999999995
63.239999999999995
63.82
63.370000000000005
62.51
64.0
62.019999999999996
61.519999999999996
61.31999999999999
61.82
60.529999999999994
58.63
59.29
58.120000000000005
56.69
56.81
56.34
54.94
56.89999999999999
54.93
55.32
55.269999999999996
54.66
53.04
54.35
55.04
54.09
53.11
53.92
53.410000000000004
53.2
53.61
53.55
50.78
54.96
53.300000000000004
53.580000000000005
52.190000000000005
53.47
52.5
53.11
51.92
51.65
50.12
51.59
51.05
51.1
49.72
49.669999999999995
49.120000000000005
49.28
50.529999999999994
48.980000000000004
49.11
49.74
49.9
50.14999999999999
47.85
49.71
47.29
47.82
48.339999999999996
49.3
48.93
47.839999999999996
47.88
48.16
48.49
48.59
48.13
48.620000000000005
47.86
48.72
49.0
48.18
48.24
47.86
48.230000000000004
48.47
48.68
47.980000000000004
47.339999999999996
48.18
47.47
46.6
48.199999999999996
48.14
49.53
47.870000000000005
47.69
47.99
48.32
48.980000000000004
47.010000000000005
46.9
47.67
48.61
47.54
48.79
47.0
47.82
47.42
46.85
47.29
46.88
47.089999999999996
