2435.8949222564697
10.0
10.2
10.01
10.040000000000001
10.23
10.26
13.15
12.370000000000001
18.33
21.9
24.14
26.029999999999998
26.46
31.52
31.130000000000003
35.43
36.449999999999996
35.64
36.07
37.53
37.45
40.18
39.800000000000004
39.190000000000005
40.32
41.19
41.71
40.45
41.86
41.23
42.03
42.24
41.959999999999994
40.97
43.16
42.92
43.02
43.37
42.59
43.580000000000005
43.39
44.39
42.99
44.06
44.43
41.83
45.01
43.89
43.56
44.64
44.59
44.46
45.86
43.59
44.91
45.269999999999996
44.67
41.620000000000005
44.05
43.62
44.440000000000005
45.1
44.330000000000005
44.73
45.269999999999996
43.230000000000004
47.06
43.72
45.76
45.59
44.31
44.9
45.5
44.769999999999996
46.04
44.92
45.96
45.7
44.65
46.25
44.58
45.58
45.33
44.93
46.08
46.79
45.46
45.39
46.32
44.1
46.489999999999995
45.42
45.71
45.95
46.12
45.26
45.519999999999996
45.989999999999995
45.37
45.94
46.67
47.33
46.150000000000006
45.57
46.58
44.3
45.69
46.73
46.75
46.1
46.589999999999996
44.940000000000005
46.89
45.49
45.78
47.08
44.690000000000005
45.43
47.089999999999996
45.11
46.27
45.61
46.239999999999995
45.39
47.31
47.510000000000005
45.97
45.67
46.02
45.81
47.0
46.25
46.2
45.78
46.61
45.33
46.2
44.91
45.25
47.0
47.21
46.92
46.31
45.98
47.38
47.12
47.4
47.14
45.18
47.03
