2387.456871986389
9.87
9.98
10.0
10.24
10.0
10.38
11.959999999999999
10.65
13.18
11.940000000000001
18.2
21.740000000000002
20.54
26.58
27.77
32.56
33.29
34.339999999999996
35.65
36.58
37.669999999999995
39.69
40.44
39.839999999999996
41.77
42.49
43.96
44.34
46.17
46.410000000000004
46.98
48.5
48.89
50.239999999999995
50.62
50.949999999999996
51.23
52.38
52.73
52.900000000000006
53.459999999999994
54.279999999999994
54.169999999999995
54.26
55.11000000000001
55.75
56.489999999999995
56.31
56.940000000000005
56.61000000000001
57.599999999999994
57.220000000000006
58.08
58.120000000000005
57.8
58.93000000000001
58.940000000000005
59.79
59.39
59.870000000000005
60.089999999999996
60.660000000000004
60.650000000000006
60.89
61.309999999999995
61.77
61.78
62.08
62.470000000000006
62.160000000000004
62.44
62.7
62.99
63.57000000000001
63.81
64.03999999999999
64.16
64.42
64.39
64.48
64.88000000000001
64.75999999999999
64.79
65.86999999999999
65.42
65.68
66.27
65.60000000000001
65.77
65.92
66.43
66.91
66.58
66.07
66.7
66.75999999999999
67.02
67.24
67.07
67.34
67.36999999999999
67.28
68.05
67.86
67.69
67.47
68.10000000000001
68.65
68.46
68.23
68.17999999999999
68.35
68.91000000000001
68.97999999999999
68.84
68.36
68.96
68.75
68.78
68.95
69.38
69.36
69.61
69.98
69.39
69.33
69.53
69.72
69.87
69.86
69.97
70.17
70.11
70.34
70.32000000000001
70.19999999999999
70.36
70.21
70.3
70.61
70.69
70.12
70.78
70.75
70.49
70.73
70.7
70.36
71.08
71.1
