2542.996785402298
10.0
10.0
9.99
10.0
16.34
10.0
16.33
10.39
18.4
20.74
24.610000000000003
21.560000000000002
26.44
29.34
30.049999999999997
30.65
32.190000000000005
32.5
35.14
35.82
34.83
37.62
39.57
38.4
39.58
40.660000000000004
41.510000000000005
40.94
43.72
41.959999999999994
43.120000000000005
44.37
45.08
45.14
46.02
46.739999999999995
47.949999999999996
48.89
48.699999999999996
49.4
49.84
50.480000000000004
51.300000000000004
50.739999999999995
52.16
51.51
52.56999999999999
52.62
53.26
52.88
53.459999999999994
54.0
54.47
54.83
54.37
55.03
55.269999999999996
55.63
55.92
55.300000000000004
55.78999999999999
56.45
56.720000000000006
56.3
57.199999999999996
57.4
57.550000000000004
57.69
58.25
58.489999999999995
58.08
58.940000000000005
58.42
58.64
59.41
59.199999999999996
59.68
59.709999999999994
60.19
60.17
60.4
60.25
59.97
61.050000000000004
60.99
61.35
61.69
61.18
61.27
61.160000000000004
61.28
61.96
62.260000000000005
62.32
62.050000000000004
62.6
62.89
62.64999999999999
62.23
63.05
62.81
62.849999999999994
63.17
64.05
63.51
63.89
63.239999999999995
63.82
63.71
64.27000000000001
63.89
64.05
64.37
64.51
64.09
64.42999999999999
64.83
64.31
64.98
64.73
64.72
65.08
64.82
64.97
65.36999999999999
65.53999999999999
65.02
65.28
65.36
65.92
65.35
65.60000000000001
66.22
65.88000000000001
65.84
66.19
66.19
65.77
66.38
66.5
66.29
66.66
66.51
66.86
66.61
66.64
66.75999999999999
66.89
66.73
67.21000000000001
