20001.938135147095
10.0
10.0
20.77
26.279999999999998
23.119999999999997
35.120000000000005
32.14
39.739999999999995
38.86
41.620000000000005
41.730000000000004
44.98
43.63
48.699999999999996
49.51
51.849999999999994
54.290000000000006
55.47
58.220000000000006
57.599999999999994
58.10999999999999
57.84
56.330000000000005
59.88
56.99999999999999
58.43000000000001
58.199999999999996
57.74
58.5
61.73
60.64000000000001
62.46000000000001
61.040000000000006
60.27
61.309999999999995
62.77
59.45
61.38
63.260000000000005
61.08
62.73
59.81999999999999
64.67
60.47
60.370000000000005
63.57000000000001
63.07000000000001
63.28
65.13
63.43
61.650000000000006
57.89
66.84
60.33
65.19
60.309999999999995
61.62
61.89
59.27
64.09
64.56
62.82
65.69
61.88
64.08
63.480000000000004
61.339999999999996
65.06
66.03
65.2
64.14
65.29
69.98
57.25
69.12
64.96
65.08
64.60000000000001
66.67
65.85
63.690000000000005
67.29
64.45
67.11
67.80000000000001
63.83
68.43
64.12
66.03999999999999
65.2
67.73
65.93
68.31
67.31
65.27
68.75
68.97999999999999
60.74
65.67
63.65
