2885.1547582149506
9.950000000000001
10.0
10.16
10.0
10.2
10.0
10.97
10.03
11.3
13.55
18.9
20.52
23.14
28.32
30.17
32.08
32.879999999999995
35.120000000000005
37.57
37.81
38.3
39.06
40.57
41.21
42.4
42.34
43.39
43.07
44.37
44.2
45.56
45.72
45.2
45.95
46.489999999999995
47.260000000000005
46.03
47.18
47.04
48.16
49.03
49.120000000000005
48.0
48.230000000000004
48.620000000000005
49.38
49.72
49.63
49.46
50.27
50.17
50.32
50.43
50.7
50.23
50.73
51.28
51.01
50.86000000000001
51.239999999999995
51.2
52.49
51.980000000000004
52.21
52.33
52.28
52.72
52.54
52.78
53.2
53.21
53.169999999999995
52.65
52.39
53.37
53.47
53.510000000000005
53.190000000000005
53.42
53.580000000000005
53.64
53.52
53.6
54.35
54.42
54.690000000000005
54.56999999999999
54.65
54.790000000000006
54.72
54.459999999999994
55.00000000000001
54.97
55.42
55.14
55.33
54.230000000000004
55.22
55.410000000000004
55.47
55.36
55.83
55.13
55.879999999999995
55.059999999999995
56.02
55.06999999999999
55.81
55.53
55.65
55.02
55.669999999999995
55.35
55.96
56.10000000000001
55.43
55.620000000000005
55.13
55.58
55.800000000000004
56.510000000000005
55.900000000000006
56.3
55.67999999999999
56.53
56.18
56.11000000000001
56.19
55.88999999999999
56.120000000000005
56.49999999999999
57.19
56.49999999999999
56.220000000000006
56.230000000000004
56.03
56.55
56.220000000000006
56.63
56.620000000000005
56.730000000000004
57.02
56.96
56.38999999999999
56.45
56.04
56.720000000000006
56.84
57.04
57.35
