4937.175815820694
10.0
17.05
20.82
34.36
28.43
41.39
39.34
48.1
47.910000000000004
52.790000000000006
52.980000000000004
55.14
57.120000000000005
60.129999999999995
58.91
60.129999999999995
63.71
64.99000000000001
64.31
66.86
66.74
65.53
65.68
69.08999999999999
67.65
70.59
68.21000000000001
70.43
69.89999999999999
72.02
71.97
72.63
72.17
72.35000000000001
72.48
73.17
73.44000000000001
73.79
73.16
74.36
75.81
76.44
76.21
76.77000000000001
78.57
77.10000000000001
77.99000000000001
77.09
79.07
78.36
80.04
76.82
80.04
76.64
78.64999999999999
77.74
79.94
79.12
80.46
79.56
80.27
79.9
81.27
81.2
81.12
82.13000000000001
80.64
81.69999999999999
82.1
81.63
81.87
82.36
81.64
83.09
81.62
82.50999999999999
82.53
82.62
82.99
83.16
82.14
83.50999999999999
81.65
83.14
81.6
83.25
82.61
83.36
82.74000000000001
83.59
83.39
83.15
83.82
82.94
83.36
81.89
83.32000000000001
83.06
84.08
83.32000000000001
83.52000000000001
83.67999999999999
84.14
84.26
84.5
84.11
84.23
84.09
84.22
84.34
84.56
84.11
84.44
85.09
84.39
84.73
83.84
83.55
83.38
84.37
84.66
84.54
84.85000000000001
84.25
85.42999999999999
84.32
85.25
84.34
84.17999999999999
84.37
84.43
83.88
84.59
84.17
84.27
84.72
84.78999999999999
85.49
85.03
84.61
85.61999999999999
85.5
84.83000000000001
84.66
84.88
85.63
85.46000000000001
84.81
85.48
85.36
