5114.035032510757
10.0
13.86
13.22
20.79
27.49
31.96
39.36
40.160000000000004
46.150000000000006
48.980000000000004
51.870000000000005
52.6
54.269999999999996
56.92
57.57
59.650000000000006
60.809999999999995
61.85000000000001
63.04
62.96000000000001
64.5
66.0
65.14
64.81
66.82000000000001
67.55
67.36
68.17
69.17
69.67
70.06
70.65
71.03
71.73
71.63000000000001
72.58
72.38
71.92
73.39
72.0
72.53
72.54
73.45
73.92
73.3
73.65
73.52
73.92
73.28
74.17
73.92
73.81
73.21
73.49
72.34
72.41
73.22999999999999
71.94
72.6
72.43
73.88
72.28999999999999
72.63
72.77
72.04
71.44
71.22
72.81
71.45
70.81
70.09
71.86
71.82
71.72
72.44
70.19
70.75
70.78999999999999
70.07
71.17999999999999
69.83
70.56
71.33
70.48
71.07
71.43
68.96
70.42
71.49
69.35
70.07
71.5
71.25
70.97
70.48
71.32
70.67999999999999
71.83
71.2
71.17
70.30999999999999
69.46
72.28
71.82
70.87
69.89
68.91000000000001
70.44
71.00999999999999
70.75
69.52000000000001
69.28999999999999
69.37
69.67999999999999
70.6
72.38
70.19
68.54
68.37
70.23
69.65
70.57
69.12
68.81
68.83
69.81
68.27
68.81
68.77
69.67999999999999
70.1
69.32000000000001
68.41000000000001
69.19
68.33
68.61
67.78
68.60000000000001
66.5
69.16
67.94
65.64
66.24
65.9
65.83
66.06
67.01
67.99
66.62
66.47999999999999
