4753.3278732299805
9.25
18.63
24.93
31.09
34.82
40.75
43.1
45.58
48.76
51.959999999999994
54.0
54.17999999999999
55.32
57.93000000000001
59.599999999999994
59.78
63.33
62.55
61.870000000000005
65.05
63.839999999999996
66.22
65.68
67.51
68.28
69.67999999999999
68.96
69.21000000000001
68.34
70.61
70.08
72.67
71.66
73.71
73.26
74.7
73.61
75.0
74.92999999999999
74.52
74.82
74.18
76.38000000000001
74.72
75.27000000000001
75.2
76.61
74.3
76.25
75.58
76.28
74.68
77.44
75.35
77.84
74.67
76.77000000000001
71.23
76.64
71.0
77.41
72.18
77.21000000000001
76.23
74.38
77.14999999999999
75.42
76.51
75.76
77.83
74.03
77.28
76.16000000000001
74.83
76.61
73.36
77.84
75.07000000000001
77.12
72.65
76.4
72.78999999999999
77.61
74.18
76.16000000000001
75.19
75.41
75.46000000000001
75.72
74.37
75.35
75.1
74.89
74.38
76.57000000000001
76.49000000000001
74.59
75.02
75.53999999999999
76.13
76.49000000000001
75.74
75.3
74.08
76.09
74.16
75.8
71.09
75.77000000000001
72.39
74.17
74.00999999999999
76.48
76.29
75.22999999999999
74.35000000000001
73.17
73.48
73.02
73.79
73.04
74.35000000000001
73.37
74.81
75.22
73.89
72.28999999999999
72.50999999999999
74.15
74.8
72.69
73.25
73.36
73.82
74.5
72.71
71.84
75.25
72.87
74.08
74.18
71.52
73.42
73.39
72.16
70.6
74.83999999999999
70.58
73.37
70.78999999999999
