29242.98649764061
10.0
10.02
24.34
29.9
27.49
40.47
40.150000000000006
46.660000000000004
50.18
51.09
56.76
59.93000000000001
58.650000000000006
61.99
64.28
64.29
64.46
68.25
66.97999999999999
70.07
66.34
69.44
66.73
72.8
69.07
74.33999999999999
71.08
74.87
72.78
75.71
75.5
75.75
75.47
75.05
74.76
74.45
75.18
73.34
76.68
74.75
77.08
75.37
77.64999999999999
76.98
78.29
77.58
79.27
78.75
79.63
79.0
79.85
78.77
80.35
78.35
79.41
78.88
79.64
80.46
80.38
81.27
80.07
81.03
81.08999999999999
80.74
81.05
80.72
80.9
80.62
82.02000000000001
81.38
82.28
81.58
82.42
80.55
81.77
82.5
82.46
82.50999999999999
82.54
82.38
81.52000000000001
82.42
80.62
82.69
81.86
82.66
82.06
82.23
82.36
82.86
83.28999999999999
82.86
83.04
83.56
83.2
83.65
82.88
83.36
83.67
83.1
84.00999999999999
83.14
83.41
83.86
84.42
83.81
84.85000000000001
84.44
84.65
84.82
84.46000000000001
84.89999999999999
84.89
85.32
84.02
84.71
83.71
84.8
83.61
84.89
84.58
84.89
85.32
84.5
84.68
84.56
84.28
84.7
84.33
84.34
84.19
84.97
84.23
84.7
83.95
85.55
85.04
85.82
85.55
85.00999999999999
85.99
85.13
85.8
84.97
85.53
85.33
85.81
85.33
85.79
85.19
