4640.03026342392
10.0
19.63
24.14
31.369999999999997
34.589999999999996
41.46
43.46
46.77
49.93
51.77
55.03
55.379999999999995
55.95
58.07
60.150000000000006
61.17
62.51
63.07000000000001
62.59
66.22
64.69
68.08999999999999
65.53999999999999
69.04
68.84
69.33
70.09
70.3
69.64
71.55
71.71
73.13
72.92999999999999
72.56
74.76
73.53
74.63
75.68
76.25
76.03
76.96
76.53
77.12
77.46
77.88000000000001
77.2
78.7
76.75
78.74
77.58
80.28999999999999
78.58000000000001
80.41
78.43
80.01
78.73
80.5
77.36
80.5
77.71000000000001
80.04
79.82000000000001
80.95
81.06
81.78
81.81
81.55
81.91000000000001
81.67
81.84
81.89999999999999
81.10000000000001
82.39999999999999
81.15
82.74000000000001
81.17999999999999
82.86
81.63
83.14
82.56
82.97
82.54
82.09
83.45
83.45
83.63000000000001
83.53
82.89
83.15
82.41000000000001
83.13000000000001
83.28999999999999
83.07
82.56
83.1
83.19
84.07
83.26
84.44
83.54
84.17999999999999
83.62
84.06
84.08
84.31
83.97
84.58
84.39
84.47
84.1
84.63000000000001
84.24000000000001
84.98
84.39
84.86
84.13000000000001
84.8
84.39
84.85000000000001
84.13000000000001
84.89999999999999
84.71
85.18
84.93
84.92
85.11999999999999
84.92
85.42
85.0
85.61
85.08
85.6
85.08
85.11
85.46000000000001
84.66
85.75
84.87
85.59
85.34
85.96000000000001
85.0
85.7
85.72
85.08
86.19
85.92999999999999
85.98
86.21
85.78
