2607.7039079666138
10.0
10.0
10.0
11.98
10.100000000000001
11.12
12.44
13.15
15.53
21.6
24.529999999999998
28.74
29.360000000000003
30.06
36.18
36.5
38.019999999999996
39.85
42.71
43.37
45.37
45.15
45.42
46.800000000000004
47.8
47.660000000000004
48.05
48.51
49.27
48.38
50.0
48.9
50.19
50.38
51.73
51.17
51.38
52.339999999999996
51.629999999999995
52.53
51.980000000000004
53.12
52.62
53.33
52.910000000000004
53.81
53.839999999999996
53.55
53.47
54.14
53.97
54.81
54.779999999999994
54.09
54.620000000000005
55.1
55.2
55.03
55.04
55.21
54.44
55.58
55.26
56.269999999999996
56.55
55.92
55.81
56.279999999999994
56.14
56.32
56.64
56.720000000000006
56.31
57.49999999999999
57.37
57.02
57.709999999999994
57.49999999999999
57.25
57.230000000000004
57.199999999999996
56.14
57.099999999999994
57.620000000000005
57.220000000000006
58.06
57.03
58.19
58.660000000000004
57.809999999999995
58.60999999999999
57.87
58.77
58.76
58.39
58.17
57.57
58.74
58.660000000000004
58.220000000000006
58.85
58.489999999999995
59.19
57.79
59.21999999999999
58.589999999999996
59.040000000000006
59.089999999999996
58.95
59.230000000000004
60.019999999999996
59.08
58.60999999999999
59.099999999999994
60.18
60.3
60.35
60.07
59.9
60.46
59.660000000000004
60.050000000000004
59.760000000000005
60.419999999999995
59.24
59.78
60.099999999999994
60.23
59.41
59.67
59.99
60.41
59.86
59.9
60.699999999999996
60.25
60.38
60.0
60.23
59.9
60.22
60.370000000000005
59.43000000000001
60.39
61.199999999999996
60.540000000000006
60.58
60.91
60.49
59.79
