28423.435178041458
10.0
10.299999999999999
26.939999999999998
31.480000000000004
36.01
37.07
40.03
40.73
45.14
50.32
50.7
55.720000000000006
51.61
59.19
56.32
63.470000000000006
56.68
66.60000000000001
55.75
66.25
55.510000000000005
67.05
58.309999999999995
64.88000000000001
60.309999999999995
64.96
58.309999999999995
63.63999999999999
55.25
63.190000000000005
56.269999999999996
63.800000000000004
54.410000000000004
62.45
56.26
62.870000000000005
54.82
56.86
59.99
56.87
58.51
57.489999999999995
60.08
55.879999999999995
57.620000000000005
57.330000000000005
57.379999999999995
56.58
56.05
56.11000000000001
53.66
56.89999999999999
55.11000000000001
53.849999999999994
56.54
55.64
57.91
55.03
55.16
54.52
53.879999999999995
53.900000000000006
53.87
56.75
54.7
55.779999999999994
54.059999999999995
55.410000000000004
51.71
55.44
53.06999999999999
56.56
52.790000000000006
57.830000000000005
51.93
57.330000000000005
51.449999999999996
55.779999999999994
52.25
53.56999999999999
50.27
52.89
53.52
54.59
51.42
53.400000000000006
53.47
51.41
54.26
50.72
53.910000000000004
48.980000000000004
53.910000000000004
47.949999999999996
55.05
49.46
52.55
47.83
53.06999999999999
50.349999999999994
52.410000000000004
48.36
53.26
50.5
50.480000000000004
49.64
51.65
50.519999999999996
51.82
48.61
51.01
48.199999999999996
51.4
49.34
50.019999999999996
47.24
51.15
47.870000000000005
50.660000000000004
47.77
51.13999999999999
49.34
51.05
47.12
48.46
49.07
50.93
46.31
47.86
46.760000000000005
48.22
44.940000000000005
48.230000000000004
43.33
48.68
44.03
46.61
45.59
46.87
45.85
46.68
44.36
47.22
43.669999999999995
49.51
42.71
47.980000000000004
44.14
46.0
44.75
