4860.972302913666
10.0
18.64
24.65
31.819999999999997
36.33
42.9
44.14
45.33
47.97
50.31
53.480000000000004
53.05
51.65
55.08
57.269999999999996
60.440000000000005
60.919999999999995
61.33
60.49
64.61
62.56
66.4
64.3
67.34
66.38
69.02000000000001
67.60000000000001
68.82000000000001
67.39
70.44
69.77
73.0
72.54
73.59
73.85000000000001
74.18
73.3
75.59
76.1
76.24
77.52
75.9
77.31
76.16000000000001
76.51
76.49000000000001
77.99000000000001
76.74
78.46
77.27000000000001
79.66
78.06
79.99000000000001
79.17
79.97999999999999
77.60000000000001
80.22
77.60000000000001
80.58
78.12
79.84
79.03
80.36
80.9
81.27
81.82000000000001
81.89
81.72
81.77
81.67999999999999
81.86
81.32000000000001
82.36
81.26
83.12
81.34
83.15
82.15
83.37
82.64
83.13000000000001
82.64
82.6
83.12
83.32000000000001
83.53
83.66
83.07
83.23
82.77
82.59
83.42
82.76
83.24000000000001
83.27
83.49
83.56
83.62
83.81
83.78
84.0
83.73
83.83
84.1
84.23
84.26
83.75
84.33
84.05
83.78
83.95
84.39999999999999
84.42
84.87
84.59
84.71
84.33
84.09
83.97
84.39999999999999
84.81
85.22
85.11999999999999
85.46000000000001
85.39
85.36
85.11
85.42999999999999
85.24000000000001
85.50999999999999
84.96000000000001
85.61
84.76
85.64
84.94
85.02
85.68
85.33
85.28
85.04
85.55
85.05
85.55
85.34
84.97
85.94000000000001
85.45
85.83
85.64
85.86
