2.3974397091349218
2.358690305879921
2.279410495879544
2.1206241344950003
1.8856049760891374
1.7545325543470442
1.640818499455786
1.5991898198036631
1.4567707541641917
1.3845233545181856
1.3101018887416573
1.2867794370954964
1.245710218408305
1.1902886458263275
1.1845245744772017
1.1396017602294872
1.108874272389017
1.08567171795353
1.040999838501025
1.0517429470256636
1.0163368628283216
0.9837147232833182
1.021385405094001
1.0362496155842094
0.9665726290386953
0.9412870638689418
0.9599137249266266
0.9354327097060574
0.9119550323790047
0.903195970377345
0.8980688080666172
0.8711581313686007
0.8799178505399424
0.8532969640318755
0.8517365683415893
0.8350294822720206
0.8426679722063101
0.8541559442213387
0.8055851133006393
0.8739112253022042
0.842084342127393
0.840373483812733
0.8213902041790592
0.824780511438467
0.8392585821592125
0.8361710465637742
0.8384095227262777
0.8111374828086537
0.8532239192989981
0.8349944812477015
0.8529675225163721
0.8474337283972722
0.8634460712694059
0.8467302500821983
0.8806709127061686
0.9018831291016499
0.8761302916107664
0.9101334100316285
0.8806574855260788
0.902656131299438
0.8579253290489222
0.9199872202933974
0.9077877909134907
0.8909051334782011
0.9390984737569359
0.9786851848386655
0.9589562182593497
0.9248124290803436
0.9544935981938794
0.9699327353459255
1.0286782220670372
0.9643486259849208
0.9681460906745522
0.9653707811027575
0.9370685326065987
1.0765221411255514
1.0320759628229081
1.0419177124454717
1.076931051008261
1.0083619526996734
1.077371389622901
1.027563682786978
0.9798827824319244
1.0451701852926023
1.0250744641206826
1.0259672262866026
1.1458895343124487
1.0820320521949962
1.0187170038557356
1.1122306528364776
1.0809462283067643
1.032917848058567
1.0500509051760292
1.0734140516086748
1.0706790962796302
1.0349325032750512
1.0679439435339277
1.0266107954796713
1.05324540965876
1.0551980058099055
1.0872667412848989
1.1335189372870573
0.9941584896889462
1.0144302207193556
1.0726101922381455
1.1396251932071273
1.1796909737738834
1.1147747389070548
1.0803043633509593
1.0943152578013717
1.1467506600793
1.1532246455265458
1.1342544111476582
1.1756011251431362
1.1115725678243455
1.0328377663709556
1.1428660055634323
1.2348699110328771
1.2196556637241582
1.1573893443034713
1.18804240758252
1.1196773522978376
1.1626751574741048
1.2071094285151003
1.193142592147657
1.1420523004167398
1.2249853185787323
1.204805829342763
1.2127600460295465
1.1381504486320884
1.162949746961047
1.1712609043546542
1.2199002523331126
1.1981553120218265
1.2471282914945274
1.217302971964429
1.256557187836641
1.2281810500819212
1.3447282302911114
1.2183573849641594
1.2536549298626602
1.3951690075503793
1.3893055676654646
1.4262130214909838
1.3927578519863688
1.3728976113021754
1.3090867931675758
1.2915175701402555
1.3544834301729871
1.3579998711112198
