2.3327827726959423
2.63622358194582
1.8748292930566581
1.7434656202413474
1.6621539752194836
1.5615956426426103
1.518208801366721
1.4846896168532644
1.3823024368589851
1.2267998001378053
1.2164497105938614
1.1679771580513876
1.2493555120601776
1.0955852581437227
1.101267614941688
0.9490829660634327
1.0699527567359293
0.9034152125856679
1.0754310503886764
0.8542484132347593
0.9637451338919865
0.7879642354454964
0.8861520024621563
0.7637374562442683
0.8074033776665949
0.7292980933265322
0.8003872819007583
0.7341366074267467
0.8185717641927635
0.7238885934945125
0.7550683837787361
0.6914619888849319
0.702576514072479
0.6535131221364259
0.6676745631132915
0.6628047588524545
0.6801596769861354
0.6355332606916975
0.6469279032224303
0.6165444058407644
0.6222379801759295
0.6001885781052766
0.5995903199265717
0.5743147497344169
0.5738017090186951
0.5631620346740552
0.5668226763321336
0.5584736390478292
0.5486816469651119
0.5486747233351325
0.5325429979593131
0.5414154950980168
0.5288558999064622
0.5301782633088956
0.5210828039866344
0.5199629603677495
0.5123986325636032
0.5207014341073432
0.5030712316370314
0.5217313015726721
0.4980947071579611
0.5116142546105537
0.49426713633309505
0.49156044850683517
0.49500371411347843
0.484918576422011
0.4803843399521652
0.4915266318875513
0.4763646417172851
0.4677531572094389
0.478864945328919
0.4654015996463739
0.47621425948325236
0.4664745305184346
0.4630843852735629
0.48302051529383205
0.4753257293420233
0.47425461973354316
0.46674606004718006
0.459264305366832
0.46388664215233677
0.4592829225169625
0.457568004442628
0.47275852597063517
0.45507408868355353
0.45070199791792853
0.459526672769504
0.44069140437681964
0.4707648462740479
0.4442241713879215
0.4763932183479807
0.43519139204435286
0.4643357053493998
0.4343963554900163
0.48056225848805373
0.43837032794572744
0.4896012037802654
0.4335330874676917
0.47204734669749143
0.42907839311156304
0.4567270174527624
0.4245168352203005
0.46517884997045916
0.4041541471223163
0.412407389017427
0.41100566060679733
0.433279547721717
0.40244733300178676
0.4270529358819791
0.40715351283170614
0.4284824858045882
0.4038890717895168
0.4269285871154943
0.39819629879514123
0.434143122594068
0.396655539893041
0.4366462312306568
0.39523519195948437
0.43525323062945326
0.4013482893158676
0.4336734573552563
0.38651733394641025
0.41073405097244653
0.39092914798077505
0.4082805053064018
0.38603700593018986
0.40517708459857166
0.38871304282716884
0.4000674587715963
0.38577766422253507
0.4203217156753419
0.38512100934223004
0.43873300958590905
0.382274018636175
0.43930655043975564
0.3819010252026236
0.41845603049940366
0.37965863316681736
0.40750257556985137
0.3855440893750282
0.3907200552665504
0.39482155043608064
0.3894480962282533
0.39071704228972176
0.40773795317312717
0.3919214118438162
0.401041574538893
0.3759953865579739
0.389482459824556
0.38505758952562974
