2.39522769648558
2.144712978107914
1.912746383885669
1.77115802704149
1.7056065030918
1.5648073352825869
1.5028917546484881
1.4498203150026359
1.3880511188203362
1.2999827922529477
1.272645860720592
1.2311586570587887
1.2097370510648011
1.1447488122684941
1.1107456695501972
1.1053472556126345
1.0141325725871286
1.0272537139570637
1.0400862579892396
0.9731918110209665
0.985947498470355
0.9457944441752829
0.9506510253165178
0.9135262195471745
0.9008679200129904
0.8529697455418338
0.8794862889939812
0.8663941648355715
0.9001604318618774
0.8301765030356729
0.8465283042306353
0.7794058784178108
0.812182976371923
0.7593617080503209
0.768205346954856
0.7407600670863109
0.75119664942383
0.7185909712010887
0.7189485153574853
0.740403872386665
0.725252749244119
0.7419212033414537
0.6831905606445993
0.7262185867045335
0.7052335720153371
0.7276850128249758
0.6947583438484533
0.7390898705288104
0.6984808572158692
0.6997516791152346
0.6972106795781737
0.7254657451134578
0.6562085231398321
0.7221337761848595
0.6549572695972053
0.7465602157601885
0.6866032710880231
0.8304683765408339
0.683963289875893
0.844633114945357
0.6596852863670155
0.8042819961241097
0.6765907294810958
0.6933819699059626
0.765639088905541
0.6743100367154286
0.724688513453599
0.7081948190358034
0.7170624693108213
0.6597572008895266
0.7886336880504705
0.6682286579517802
0.7120736972161918
0.7462425531855055
0.6956491895542023
0.7908837609230333
0.6597641630537191
0.7308042146218051
0.6961333106277855
0.819028819252731
0.7204922086493984
0.8279759718733988
0.657617181919183
0.797805502915838
0.7238818164084367
0.7562545526559186
0.7567763727182036
0.7533761710877631
0.729540496684943
0.7791705169495503
0.742344763438413
0.767384545818256
0.7650693937851365
0.7868121539711193
0.7214635830775947
0.7137049351148544
0.8012151484656486
0.7619519702568176
0.7476781796497903
0.7272923379946666
0.7163620217210928
0.7485784529500706
0.7625648136351518
0.8194890037463729
0.7409045679174411
0.822470599868495
0.7449319971974488
0.9145462755944319
0.7336077259224691
0.875747907123748
0.8151337785325992
0.8115505230654577
0.7307964339377774
0.7412291463393315
0.7800532503492513
0.8095761548941303
0.8733780327116608
0.8577528633889119
0.8690278905971794
0.8383377653777979
0.871739186299075
0.8067835430810406
0.8453996580117827
0.8063530020273415
0.7878418075051278
0.8356831616656796
0.9088710732520766
0.8739450220849104
0.84316158769237
0.8095525045683429
0.8831754061067181
0.8703706408761869
0.8768698451625314
0.8516254328238736
0.8283987808379398
0.9078116378966411
0.9579189381781658
0.7906425711075971
0.9225344422516549
0.874114313323027
0.8518644744043897
0.9868038775055272
0.9018140864220394
0.8936126879446066
0.9575156075939252
1.0104379961445074
0.8487550551724282
1.0153152957843368
0.8871633137107655
1.017828022598461
