2.4001817946221418
2.0987629791733564
1.9033087211050046
1.7661515998232895
1.6896290019818931
1.5566219144566045
1.4920526408845451
1.4425172577997682
1.3611396657433479
1.2988912429019903
1.218575204253956
1.2098626395699326
1.1794864842846136
1.1466969319969227
1.1058928989301062
1.067388723610313
1.0410672304736581
1.0103075325868691
1.028111043629373
0.9552646290724445
0.9792243849699664
0.9007776842755117
0.9636118169043474
0.8729528238059608
0.8861649913393008
0.8609713942381987
0.8386789993116051
0.8344159126281738
0.8568717867705473
0.8033250008419062
0.7991293501702084
0.7661827404028291
0.7693697747531211
0.778019977602989
0.724618732739406
0.7495301069727369
0.7272293998557291
0.6973843223350064
0.6838992672741033
0.6848267611044987
0.6591479301832284
0.6690845153513988
0.6587963379492425
0.6455545400737956
0.6383505484480767
0.642349640085439
0.6213656531018057
0.6603082847443356
0.623217000323496
0.6424360104427216
0.5912448226646253
0.6185468701040668
0.5839787364765338
0.6141824029433499
0.5830583310430977
0.62002654231278
0.5742683321427388
0.64550918853207
0.5722356898010157
0.6430237424221767
0.569132891430217
0.5910166372918779
0.5550403896790401
0.5541493938227368
0.5373824026174606
0.5331680896175894
0.5369403441051009
0.5338686094352394
0.5364758043911806
0.5304710180706279
0.538735601837468
0.546382232646274
0.519439375799173
0.5440533028286734
0.5050951004218144
0.5443049972983682
0.5073172395965856
0.5240893109588866
0.49762332752631727
0.513170360759565
0.5029094549501019
0.5067506937464331
0.5199988926671872
0.49646442625552983
0.48904175781140663
0.48507990635884035
0.4884153978460154
0.49894190926081056
0.5047621045522629
0.5124450585075245
0.5009031664034364
0.4899160304836407
0.5013091026977369
0.4987930027162953
0.5016097807011027
0.49295951843641367
0.48299706580152935
0.4843674602022596
0.4715109110637835
0.4791922450635084
0.4707417211904647
0.4793594835480307
0.4754006658579893
0.46926594568285973
0.4642999868863707
0.4681166649624041
0.45983761273751594
0.46640516143695565
0.4638833060006427
0.4709182861883929
0.455283702274037
0.46255411226658305
0.45709081630038606
0.4612970299971331
0.4541881023698552
0.46413593326404595
0.45812354194130867
0.459346476823661
0.4646473255506746
0.4684475090852968
0.4555735292423303
0.451458450905077
0.4429408157612108
0.44318000326870355
0.45118964776681486
0.43717979283849145
0.44817392176883236
0.4333501841611923
0.4464827588029728
0.4323073492687979
0.450503420013531
0.4309174264217638
0.45160267734603515
0.4361920770566175
0.4397819327890493
0.45418384016319446
0.43435779019336035
0.4427503055068338
0.4381314909951702
0.4383636967866284
0.4240102414397677
0.4473754871802725
0.4330477583560215
0.4381864793646108
0.4480207782642097
0.424156105822059
0.42843622287177735
0.4263670909556614
0.4218785552082548
0.4303404332915689
