2.334611866884171
2.609822214029397
1.850288312146618
1.7983685314275657
1.7245612843021465
1.647974475933488
1.598660787199713
1.586281390706445
1.4480470236699292
1.3136629131948871
1.286322426264453
1.1919503101877347
1.3145098925396135
1.106855643782646
1.1963681882354105
1.0219361015186188
1.2362951636314392
0.9351960834424207
1.3564347484309203
0.9751195554520674
1.3461855642355172
0.9554672856239756
1.2583651390804607
1.0482376825277973
1.2099293124903538
1.0577794427325011
1.298456475992871
1.1339775137840562
1.4521829148007046
1.1792416549791955
1.4099738366284948
1.1553512879997303
1.580500321783078
1.210273661810881
1.5089133021178518
1.1846405150024755
1.5968672705304092
1.4836368530419222
1.3361288396416195
1.5242993801262728
1.4579366122841075
1.498096438729839
1.388073706323174
1.5941451005874925
1.5279942697780147
1.5376119036583384
1.536638836951772
1.587108719121119
1.5997782565985517
1.6651325415653788
1.802839834978626
1.6216646789745162
1.7159051211776248
1.8691626939044637
1.6389918775315497
1.742037469414389
1.6103949554406913
1.7765199606585655
1.8115631607687397
1.823148517092322
1.9331903480420447
1.8839030987138201
1.9064677923348299
1.6860070661374718
1.8711821053438127
1.8307242158112254
1.8823516581468522
1.8908776196704549
2.0906567285015325
1.8096291381082716
2.0633616477820524
1.7054794958442638
2.1395187241256615
1.636437842800359
2.1868693555236622
1.6826735173061396
2.255108272953398
1.8434608802673922
2.1997220220079847
2.015675884902857
2.454747717091992
2.0712943023936763
2.0894676143196738
1.920485591432851
2.300035871517886
1.9997638433602205
2.085358031995737
2.246410500471759
1.9614652038379838
2.455413579940796
2.000523545180157
2.6106700251816184
2.034483168535172
2.821863339964751
1.95402668615815
2.7029406075264997
2.167687890635934
2.8341175644261063
2.081525106338938
2.5428301794513777
2.2022156480011668
2.7676157814681908
2.199242570597655
2.4512722408695584
2.3790360096913234
2.598034926280854
2.3046536680999075
2.5798365211790535
2.290273118170963
2.7571058804821815
2.4663894950963887
2.787178768473826
2.4286446396712287
2.7853796451714388
2.5020506480696856
3.0329951404765914
2.466139531439277
2.934096731198062
2.433550111807076
2.867216315998393
2.3962121966538157
2.7927391088692244
2.4843871115119596
3.1623730591148327
2.813701967524875
2.743814313487642
2.5819848077312395
3.1277191175776684
3.0104921889153258
3.082768511620297
2.8885400401558847
3.3355512300114722
2.8659749873884164
3.63095254351379
2.838421467003549
3.7118445718364352
3.154228077572622
3.3161116633445595
3.0363153758322357
3.3076846880517947
3.0464124201209684
3.6289374357575825
3.0520319232515467
3.7454330359294916
2.7127504606915127
4.004529222561295
3.100903530029734
3.541055668691161
3.3482113780489393
3.5055884373415807
