2.3388756916021847
2.5893526608776893
1.8118964054022626
1.8012354700428665
1.6608952747029104
1.6081023201061662
1.5363656138158908
1.5181104742038023
1.4160174602156232
1.2706402752809465
1.2407185306214983
1.1509517294586085
1.3254900217815568
1.0960508695073947
1.1285396681469717
0.9670849442481995
1.0543028017517868
0.9115745413834881
1.0688486573802438
0.8553903334459682
0.966584034026808
0.8097853269546654
0.8796433798826424
0.7882835289854913
0.8259736812038786
0.7675174003953387
0.8444423994440942
0.8235961424696977
0.8957098627546031
0.7935033205208505
0.7917613094779337
0.726645828622162
0.7400061662789363
0.700616046311749
0.726177709497464
0.7277358033854491
0.7048375010490417
0.6423085096535409
0.6286190201522438
0.623254192862541
0.6077251684893469
0.6198292877643731
0.5859801706614768
0.6070818305015564
0.6038766427404562
0.6310944422415108
0.5957227174643498
0.6196647724907869
0.5721608314924179
0.6376577499945453
0.5741133069156841
0.6176470814237169
0.5607154065636313
0.5889823315249887
0.5713398707140783
0.63868535950685
0.5718308221192876
0.6210088805787882
0.5894124661661257
0.6537800651447029
0.5825523787243351
0.618528378617232
0.5443312679506411
0.5353546284945907
0.5080222699103082
0.5090146299190582
0.5061411234034094
0.5166312364066482
0.5027620846488673
0.5007013035997464
0.5186639952052171
0.5098970848473774
0.5108360126140011
0.5095218575684128
0.48611541291710675
0.5125083138418806
0.49425823455023915
0.5037016245969541
0.48546723660769736
0.4846751051154106
0.49053190819397097
0.49169611627129234
0.49001321054188307
0.5081963510649978
0.47570043527016975
0.47148353962381934
0.46726376216882354
0.4621787975738003
0.4775179660624
0.4627863517042938
0.48469107621794294
0.46532757618245046
0.4899606755015197
0.47211412677339687
0.5051026452498831
0.4709327238000882
0.5051307385894144
0.46826354846073565
0.4842374154906364
0.4728646042999948
0.47000911404752427
0.47930734277151194
0.49369534888085287
0.4481339274318355
0.4440013982687786
0.4474200882539628
0.4628962808923357
0.44361327949223245
0.46651695763609213
0.44394289782852125
0.4589705000257796
0.4489458543100175
0.46265507788415167
0.4515621090770527
0.4738010742292283
0.44939583929101373
0.4755764213527084
0.45973851403613
0.48419473771077054
0.4636546474922994
0.46702543366107213
0.4336754552497985
0.44783761964482105
0.43185699574506964
0.44321237865147317
0.4235037178940074
0.44443898301595336
0.42028635597912367
0.4440320876373607
0.424852845775094
0.4508378736342594
0.427317813703209
0.4547452574512761
0.42845968351622293
0.46190991105547374
0.43869701008887807
0.4434645675170194
0.4332179168037548
0.4354492604352866
0.42418838619806204
0.42720600317238244
0.4285424045126909
0.41634333608256785
0.42265227133301414
0.43548481137889206
0.42538152321888384
0.4338074724195869
0.4123231445433228
0.43557089681078676
0.42039184485840947
