2.303884249583931
2.3054721066906194
2.3092086224039647
2.2725600512923707
2.363335932895636
2.3389613339855413
2.2935398839841223
2.2843439184176693
2.252060789970835
2.0456566772643168
1.9971629768420176
1.9429889074556388
1.878076767465871
1.8353537419799026
1.770727168222901
1.7525696777234412
1.7079492199952435
1.673077003971027
1.6200043775473432
1.5987319824801889
1.5693953568768348
1.544769619680514
1.5429345308595401
1.5052878264408962
1.4885218204206723
1.4869248259599042
1.4678170544326685
1.4552872013893856
1.4436687079204875
1.445525706194009
1.420817410110668
1.4164957620535688
1.404647249325066
1.3921289216181276
1.38567304914924
1.3920552540736593
1.3727888893929256
1.360131137689967
1.359553904290412
1.3659416558636222
1.362960017410813
1.339397991538807
1.347209175680853
1.327136282708235
1.3285482901676444
1.3307769761723318
1.3203473037974849
1.33278226852417
1.3285365643774627
1.3219625456317974
1.312751954528177
1.3024702201223677
1.3052903626375139
1.3121160059977488
1.3061387311121462
1.296247305763755
1.2998511464732467
1.2917698466094436
1.2992231830669816
1.291068265392522
1.2925029708321687
1.2786754775958455
1.2862965977115997
1.2633278343328245
1.2624877733030138
1.2725235003574638
1.2759695102454751
1.279790278073329
1.2706555917764166
1.2640541097161118
1.2491125179703828
1.2477454991097663
1.2700351742422504
1.2337745678652623
1.2417911029165718
1.2435781014193394
1.2431321645238598
1.2351642752149303
1.254055606331795
1.2482904226157316
1.236247509907765
1.2655194397944554
1.2356435041518727
1.234483109537963
1.2390533317426207
1.2411750748658636
1.2481118262193764
1.221754386926153
1.2162725249673152
1.232619194847763
1.2164214162310218
1.2324078603155295
1.217907665261797
1.2132348756121982
1.2181500302758186
1.2235936169411725
1.2251451281225605
1.2071961669405555
1.2180604262716452
1.2331007810155297
1.202793624750368
1.2133829510136016
1.2024308534184838
1.222893354999032
1.2074746481931893
1.208642381771355
1.208130519101574
1.1976615763773584
1.2005009085509428
1.2064266778101587
1.1839906406250729
1.206528590363302
1.2126341173603277
1.2091075102235103
1.1850331315569058
1.193249778383097
1.1781533857819382
1.1887792527295982
1.1854444347369444
1.1774766691930734
1.1861266710196332
1.1894912651390026
1.1897491960768487
1.1732390640647548
1.2033730490951782
1.1906772829165124
1.172668051188159
1.1803138874898291
1.1912152292622122
1.1925343077653532
1.1892594964640915
1.1807418564322647
1.196267082053385
1.2031135054150963
1.1747644444939438
1.1926679201186843
1.1785144517376165
1.1912169418517191
1.1843614855389686
1.1854825782927738
1.1872005986559921
1.1782206923339018
1.193541344184025
1.1854445736878996
1.1661391512603516
1.1770925654727182
1.1709943428920333
1.1715408863535353
1.1675445972734195
1.181812312572625
