2.3038377351821606
2.2919685536888754
2.3116388062762607
2.3207164053704328
2.277888048985961
2.3346707623475678
2.2556367649394238
2.2650981404978756
2.1222765703869473
2.065850572221598
2.017496938158752
1.984182188465337
1.9757819046640093
1.9081169116269252
1.8911489734224454
1.8793043429684486
1.8697160565929047
1.8435515970181509
1.7933870417297266
1.7729638981971012
1.78003625277501
1.7300377788057753
1.6818485495391164
1.7156450725664758
1.6567814889227508
1.638909626158939
1.6288951073482538
1.6413771005193138
1.5892586009517597
1.6089211284734641
1.569780557778231
1.5600011872637802
1.5388609489817529
1.5228759490760269
1.524387605630668
1.4908543149377131
1.4754151546271743
1.4557773345594953
1.4546281615639949
1.43503374430784
1.4295809398031538
1.3990953150828174
1.39318339460215
1.389762315780494
1.3741917412751798
1.3724602468454155
1.3468914662197138
1.3406018683105518
1.3363504257931071
1.3381206457781945
1.3133038088774225
1.3064247787378396
1.2931436721686345
1.2875121137139145
1.2903449007659962
1.275566519066027
1.2704460104559636
1.2570973676481065
1.2477473624192985
1.254672110080719
1.240833175410131
1.23640968807184
1.2329367144851928
1.2370003294792904
1.2216264742195226
1.214961215189308
1.2170390452548956
1.2043610253151815
1.1922992543809732
1.1847466135480602
1.191978207439374
1.1793372293186795
1.1831117754529237
1.1833108652169537
1.1590652777131196
1.168418009949338
1.1626798973721304
1.1619924496693217
1.1486314109935882
1.1470133426842417
1.1442005645697284
1.1474422417628538
1.1514060884524302
1.134375238874156
1.1234402193385324
1.114918509106727
1.109787340376787
1.118858923957606
1.1059448707635235
1.1133283930978957
1.1100606212190762
1.1044842988062815
1.0929718051746393
1.0926430753082226
1.0945608627264667
1.0887561592326802
1.0823290834001675
1.0834425938357213
1.0859198779057546
1.0799865213928708
1.0839472652240922
1.0734943925954734
1.0654657559030374
1.0588426665895303
1.0675188060019427
1.0641493216441695
1.0695743883491322
1.0555274175230864
1.0563962307705241
1.0507675819336229
1.0548558975480924
1.0551808282827875
1.0391684687061675
1.037309879330313
1.0417595873972414
1.0390718689390048
1.0340040379269109
1.0390777697988376
1.0259103835768002
1.0287735283754433
1.0221581869064622
1.0274564039175678
1.0265870132264059
1.028348494866851
1.0084853020443278
1.010134369704374
1.01360768914982
1.0093582663566443
1.007852559636353
0.9938239876631718
1.0024375144843083
1.0037507312313008
0.9998807557828867
0.998459101102914
0.9929178152114723
0.9925411066431908
0.9924200044316092
0.9960508976772333
0.9882510760027892
0.9797597341476731
0.9831003626440741
0.9790263942852142
0.9860088346870082
0.9707044883138815
0.9842403113462364
0.9754969929433932
0.9769822100924838
0.9705424137935517
0.9845013033812213
0.9666357564318712
