2.336695857868073
2.642343891654045
1.9746454240410192
1.8962554863304089
1.8385950008015723
1.559251103431556
1.587314926894607
1.3878588456257133
1.335457776762118
1.2989452519234579
1.1677831130422605
1.0897648118104144
1.1112625545756831
1.0473912885993908
0.9848449556690873
0.9776256881701718
0.9697533018270116
0.8946961821264522
0.9122679787836258
0.8488316870039436
0.9642441603028851
0.889092061929642
0.9529000900353596
0.7868237130960841
0.8955744531503909
0.7435221482234396
0.8370275345577556
0.7274701775638921
0.7953953462041867
0.7062049589718983
0.7191250164797351
0.7001165905196196
0.7293012637621278
0.7369974145464077
0.7658716694564577
0.7456766573866461
0.758161881736889
0.7836702866539075
0.707538610051392
0.7346693374169101
0.6884308859800837
0.7429280620851334
0.6686580918586937
0.6862303779763022
0.665608492626506
0.671041634242246
0.6296109160420241
0.6489793886994101
0.6079219646134953
0.6259079347750184
0.6136898881500694
0.6365876291777678
0.5825689031629805
0.6552631082428488
0.6310231696078732
0.6375748640412737
0.6343236164112759
0.593785825713425
0.607386125121147
0.5517987736091492
0.6179980994409816
0.5764632491738932
0.5897824489007331
0.5998660447491202
0.5767424914297784
0.5911858386484681
0.5941041061642823
0.5996695602205908
0.5481605218474273
0.5812178312023734
0.5422333440962871
0.5764364611571002
0.5352573980381534
0.6160180389311662
0.5491682276794105
0.5558403206479018
0.5415879856249329
0.5440479976356409
0.5493540153571754
0.5451578948717968
0.572742208743551
0.5511264294196087
0.6127747362776167
0.5384746840235534
0.5721778581096868
0.5503016454968482
0.5570002310215287
0.5560159687024013
0.5571939410867205
0.5430230575192506
0.5275491967702367
0.5493815317275418
0.5250413390291724
0.5211193815917726
0.5334624925236793
0.522342682264413
0.5418748009926194
0.5288915817335154
0.5157630309747283
0.541834510435724
0.49998918223153255
0.5426219962774568
0.5314803894158382
0.5206541069753611
0.4916187569404104
0.522314535204772
0.48027268365310255
0.5035669437259626
0.4841830356485525
0.4866886614424408
0.5090215747143813
0.4957600231193433
0.4895470671023533
0.4729108809475686
0.5204059294644435
0.49910688817880716
0.5424110640765755
0.5023898198536247
0.5362988129542892
0.4997061197734942
0.5024332270785502
0.49985280110957514
0.48376709583458627
0.5122161613907784
0.5028466706632808
0.5052476123829556
0.5271709664801884
0.49935368681029907
0.5184938873455023
0.5128343739327351
0.5260182523233875
0.4900257151787448
0.522328390816974
0.5111176535771911
0.5362911184502256
0.4865106810714788
0.5157983935183021
0.4739782619912913
0.4868308730945466
0.49993062000365773
0.46323161249517636
0.5083680994761218
0.4784176940466188
0.5143944056360585
0.4956347327798035
0.5044739726622394
0.48827658560435483
0.5092522486285039
0.4771776889350004
0.516614837251651
