2.303658260661326
2.2927858100575245
2.3056811770056465
2.3055899811398453
2.321293240140198
2.311468177540287
2.296963325731314
2.34131473037088
2.2806161528180358
2.29550445003874
2.1557424736630386
2.1057440832162357
2.0887663523862314
1.964445106542794
1.9201712540000866
1.8434626638509666
1.8244940376585457
1.7680649195507074
1.776732067393649
1.728728976219323
1.7028377686336542
1.6696919749496848
1.6559741929837852
1.6317497598137825
1.6125859978852
1.5899300711929418
1.5536792339033383
1.5493848984408531
1.507549785504675
1.494848262732196
1.4804812009167518
1.4483200607785753
1.4364761843043528
1.4030160934302458
1.4014887088423322
1.385828630180116
1.379249999477605
1.348190610575828
1.3491843794561496
1.3343111717017593
1.3150496741009365
1.3037391889626813
1.297997061234371
1.2874011625150206
1.274834256642943
1.2591470233194388
1.2481316514075942
1.2432180278620142
1.2276778209740948
1.2350154435558685
1.2103381790932577
1.2080122961360178
1.2003071600464499
1.1957006579751421
1.2002476647401312
1.1775065053040814
1.1681700121065615
1.155528564741657
1.1584894638152639
1.1441179779684467
1.1370127702214916
1.1254379627810922
1.1259066489092104
1.1208981017398227
1.1090160706999954
1.0975280487613313
1.0947503455125602
1.091416333511377
1.0804351268300585
1.0806731733546895
1.078785973749343
1.069587938345162
1.0670448070878435
1.0580663297586381
1.0439031587284842
1.0381346288000701
1.038470814941795
1.0409426776466855
1.0308943880591424
1.0281235006204836
1.0205969161288753
1.0217461885919996
1.015315873228061
0.9999876929696199
0.998507842896091
1.0012344740758277
0.9897541160796098
0.9864011422084396
0.9890708532303002
0.9857294863196695
0.979588750441363
0.9760474061510366
0.9720367648798949
0.9772543254171967
0.9660712951307844
0.9710243219023298
0.9587572835812903
0.9559243742827397
0.9537462364336488
0.9499260604761208
0.9529814408842925
0.9472144295455543
0.9380085684691265
0.9322951162696644
0.9387289627342467
0.9403338656303989
0.9271844336940984
0.9183427516821843
0.9237551032357915
0.926453522056531
0.9224137151317232
0.9260547244624727
0.9171056550019866
0.9112928612217023
0.9115555821710332
0.9249043889865753
0.9033312695041583
0.9135844236726214
0.9108247191283354
0.9106275951786406
0.900943388604814
0.8998001457019976
0.8953247582836515
0.8936875963666636
0.9020068630291398
0.8989821771147904
0.8997070371724998
0.895196287115668
0.8941282888126981
0.890933276741368
0.8909696044435926
0.8844997947383079
0.8895246853494341
0.8819897573464995
0.8850059425754911
0.8882663940927785
0.8769437105033049
0.8819116843733817
0.8837874945561597
0.8695211429504832
0.8705201164172713
0.8828473903570965
0.8658021335389204
0.8721546526927098
0.869638944887052
0.872542580601516
0.8700715132579682
0.8788891662457946
0.8646107050263958
0.8632827625153171
