2.4003696942784982
2.1288742161100838
1.9061818836600917
1.7594456315799882
1.6782350069398333
1.557339583232904
1.4865845016613128
1.4561517155094512
1.3809569929815402
1.3306116495922113
1.2769375014456974
1.2640464837384071
1.2873594350875563
1.2097740621323798
1.179846565434887
1.0845821590939904
1.0608163684796377
1.0667470636641143
1.0657366404108182
0.9866764287280428
1.020349925111054
0.9401900627810484
0.9839886658510585
0.9079476731597997
0.9338622803141357
0.8641258500943518
0.8959128127735891
0.8766105748285913
0.8995674472705574
0.8338847099595769
0.8413260339931318
0.7623995360295484
0.7701559307848572
0.7466882486252269
0.7385693767647834
0.7331097927063134
0.7532871739499888
0.6935577149603777
0.6871160800289956
0.6807157289070688
0.655970081402238
0.6831121361179716
0.655904317737385
0.6721425887885367
0.6659800104654519
0.6730333728015803
0.6318431790846928
0.6612244504652206
0.6132962356327446
0.6523055553815926
0.5938630899426284
0.6204880633551604
0.5806967783126102
0.5992663512184362
0.5820883899737316
0.6400397657209141
0.5779887158779582
0.6470697396879743
0.5695693982634574
0.6353222581611317
0.5768110791968691
0.60165666689159
0.5630403609032844
0.5497577219821845
0.5496232908242827
0.5305796813243514
0.53252232558788
0.5351425762389116
0.5271935994458047
0.5303123509807951
0.5272107416657126
0.5371202955580061
0.5160178834465659
0.543891066673455
0.5019576407162247
0.5424511434545942
0.5031567456995606
0.5221954731235079
0.4974401924450686
0.5121182432979535
0.5006669645856141
0.5091183492142684
0.517614278728795
0.5018303812878906
0.4908673032453865
0.48504522556711915
0.48584918003932687
0.49665784693447645
0.49792174311580173
0.508188976888444
0.5196866430104918
0.49357588930874113
0.5113310442798457
0.49414450471188615
0.49791786539706456
0.4904668556087336
0.49086407776091506
0.4841308227390241
0.48557915230085896
0.4893035926636617
0.4774794785460089
0.48970381365080545
0.48400434718769825
0.4778614786400157
0.46837799488359194
0.47719916207775187
0.4811172052553505
0.47183795633969033
0.48443713850656134
0.48450070923301064
0.4829360506716807
0.4682102702605497
0.46643308773162256
0.45782840906814404
0.4755076966278113
0.4625790999004036
0.47305613746688624
0.47652981425546537
0.4780303894714185
0.46710845998897677
0.4665941096794833
0.44858776298677844
0.4496957792597971
0.4480971802192129
0.4442466358849957
0.44405552014044136
0.45713030864858323
0.44462012200598505
0.44969367772150953
0.441874235204071
0.45228007084624783
0.4417022837764898
0.45948629774105776
0.43871193051717844
0.4549526199223889
0.4589378024172631
0.4428656998143834
0.44394327823523505
0.4498540863489649
0.45294411954986064
0.44106080682034704
0.4570627792435846
0.4426944674390137
0.44368251408361326
0.45797526077100426
0.4313215213786265
0.4440039420013974
0.43278349954990825
0.44138067078058885
0.4371815638937009
