2.3066602026581005
2.3530399693045645
2.0814113130994665
2.012125474632166
1.8772854281079239
1.7618477473593062
1.7511002706114653
1.6137621455891118
1.6059115008943399
1.551266369546295
1.5635509695976404
1.4546588302417924
1.4987353572420254
1.3686064071716018
1.3484540137515706
1.315257739868893
1.2581379413604736
1.2493828276919712
1.155137199884767
1.2026510713206735
1.1784075544138624
1.214087094091306
1.2686932052776312
1.1919487369288304
1.283559056983632
1.270804824343153
1.26924098183395
1.357441324337273
1.3016484121608127
1.2161841028055567
1.2427250974497217
1.1886475606329123
1.3118763938071623
1.3045385563449494
1.352796255782911
1.2102884069369857
1.5247546962112377
1.2907181249302664
1.3121174923173942
1.3835154703468273
1.356891183336829
1.4709538593413725
1.3254180763177812
1.485754752235048
1.6121346305130393
1.3947434645549508
1.4106532418803803
1.4311250288775013
1.2925007703957285
1.4388793779026932
1.5453141798638994
1.8227712204501887
1.2086017807577825
1.6327036820399534
1.3349344248224975
1.6283463904052784
1.6051391393515715
1.5834835646258798
1.8011019548792748
1.4617597460746765
1.4495151938906141
1.6063676286654867
1.3394618030566319
1.623886511204349
1.471465152919672
1.5625422893056444
1.7241008342451352
1.4822479961024728
1.3898845147934689
1.481743651970177
1.4934976252780598
1.4448737076892975
1.1649244306193796
2.1438289227759
1.2142582281379943
1.5297696393006925
1.5092459943643801
1.5862103040051307
1.4408236981197526
1.5228403267587067
1.6380978473432504
1.4118883499673978
1.6109788102708804
1.3991271310551152
1.3842406386782409
1.6317602893349472
1.3774546874556572
1.6063494560824838
1.549558226090328
1.5184263788211119
1.432053469168912
1.5618850239522897
1.360677374776002
1.444987563950241
1.566910696637099
1.3767321405896715
1.3181527648002478
2.031677672817449
1.5681626238640707
1.7739042844741968
