2.3034956440044816
2.3044385985963665
2.3056642978813997
2.297780928338409
2.33127428467866
2.306623601609734
2.3023231287670742
2.34335399888883
2.1469122786430797
2.0755197895560293
2.0058271687501557
1.9734922374130055
1.9502788288578106
1.8784893242416867
1.8757682233859019
1.7898045178431614
1.7560320302938959
1.755676639307836
1.7658467027032452
1.7415357524422324
1.7168438616831592
1.6843771433374684
1.6750908429455604
1.6812360992856845
1.6628529881216159
1.6572636305146915
1.6370457995469403
1.6621885535064016
1.6384939813310173
1.6341591876023893
1.6151825144032763
1.6242620390691576
1.626487539072705
1.6333998692263463
1.6108194749066784
1.59291604901575
1.592999459831578
1.5938711880118983
1.6193971261856661
1.586643493858872
1.5794983198688288
1.5782974593958277
1.5887361977510392
1.5837314994471847
1.5645179953544763
1.6174363474937001
1.5548657186471733
1.5796503155094803
1.6019336744478554
1.5730931295710764
1.5623177024209576
1.5688943976809264
1.5584751769995233
1.5776280681039119
1.56260382521684
1.5543999003756577
1.5502560320933154
1.635197817899619
1.579875992361907
1.5799381209027237
1.543696890211409
1.5648619566753412
1.5548597612198751
1.5452370210817665
1.5497600394449416
1.5965632033196224
1.519780126346904
1.5759805053662344
1.5322641954300509
1.550953914405434
1.577035225880374
1.5457642579534252
1.540897152985737
1.5527389968276784
1.5269695307798445
1.561056089249386
1.5446873265466872
1.5444573201950949
1.5554079242572663
1.5480931336712684
1.5611761497084502
1.5545681221469951
1.561122390874632
1.5844025581505647
1.5446406466186426
1.5520494014594206
1.5856679184421612
1.5468648368385947
1.5470440630700177
1.584658740432399
1.535806394686365
1.5699068976056045
1.5634335545217914
1.549230353088136
1.5567797300921884
1.5698074755395295
1.55545865957904
1.5514806774771137
1.5898933258785564
1.5505905120995394
1.5473148541845334
1.5348994094095412
1.5396243068063336
1.5419713562461221
1.5280400165327035
1.5923409370859718
1.552700775444128
1.5494034791448315
1.5226998989749108
1.564207189402003
1.544688072174218
1.575027744481518
1.5383061208542745
1.5807376431811386
1.5688567427313251
1.5411435768103143
1.5950806087749019
1.565934157675239
1.5302314553291174
1.5620815237616277
1.5525912129954926
1.5697711189841008
1.5526242673776711
1.571875023993717
1.5366255090494825
1.5240824435167253
1.5640174719938047
1.5647559044467416
1.5567673619385738
1.5693759842283408
1.518011465194119
1.549828394203429
1.5365093536437697
1.5593074134960296
1.5461626910859612
1.5699755454518993
1.568456463753038
1.5817966620633557
1.5687017228193343
1.5259554462068399
1.5461491612112446
1.541261658547031
1.5512525405094122
1.5634162099498092
1.5295537527959058
1.5291713119312456
1.5360695981675652
1.5358440951936563
1.5755292245536854
1.5292392597076998
