2.3299443979931485
2.4871441907943432
2.5428467495426252
2.4148367013141607
2.071724412547555
1.7173168332713424
1.5680603669707183
1.562871508537584
1.4597935828433675
1.38008922148662
1.3761245171735241
1.2244786373369254
1.2072213576857451
1.151613123097997
1.0842459095511467
1.0601917338219418
1.0534661260380107
1.011730090827699
0.9791639010617688
0.9797745487492555
0.9535572692087502
0.9534165065759307
0.9410048620716022
0.9342275869314838
0.9413364522016732
0.9240093819654671
0.9415191290484872
0.9361927839601116
0.9405798359661345
0.9594864849072353
1.0515894999929294
0.9833557184334774
1.0096864123253306
1.1097038976705758
1.113472439680889
1.0916973694114929
1.1062669602169353
1.1464255535678498
1.160311430502849
1.1597089873757331
1.2228197986912575
1.2602827643892567
1.2548667120326096
1.2525848655184364
1.348171491152162
1.4142103738086238
1.3787985144147448
1.4099775613493222
1.4748469143156793
1.404087011601515
1.514259395326019
1.5635139251210888
1.578784198518012
1.5544260151826652
1.643125379920765
1.802980549016576
1.7412495206875407
1.8260955802953927
1.9855415494578659
1.9409320589843069
1.9919916368593835
2.1324101094227688
1.9599924140675054
2.1883227453110323
2.1669440383364442
2.192598220649039
2.2367328245928335
2.4149429312177526
2.333767061020918
2.2629891087295144
2.3941631074164325
2.496747206730448
2.420834446408946
2.4639703650383433
2.494248985484907
2.456834467353335
2.45962269290997
2.829044180311215
2.347194747560343
2.5311878441245694
2.5550609940935853
2.792920830143485
2.5732513605409366
2.6525562804216034
2.616103983988428
2.7970361170495392
2.748787241376889
2.9457333262558953
2.794958112346139
2.872817473806393
2.9407429376225562
3.1129829731716474
3.027723956259952
3.163382241680364
3.116985132739802
3.029438242790805
3.248042756584799
3.1837849047533266
3.1450525704462815
3.1400133720628776
3.0711086563243986
3.4093973181050297
3.1303301525723404
3.434153333591048
3.4445956132973836
3.3743708756319277
3.174918905185286
3.3476755998696492
3.4790983276002727
3.4835454293876698
3.445669506765475
3.3963877425831592
3.4309123974696845
3.6039111234579875
3.360061325085391
3.6932643689927023
3.3912842228154467
3.307092680293284
3.528499427115082
3.664981901266013
3.65055461901768
3.512485920243962
3.625614292302709
3.517538359210749
3.7996448604923905
3.822036281512801
3.720745520986569
3.788859824466098
4.000974614149446
3.7327431326459166
3.5831623001463093
3.414353542267137
3.7303214619873435
3.7048585035239054
3.6882178297468053
3.6907664089445857
3.5007180241262836
3.834843392584734
3.8217750521981793
3.773475455630357
3.573649492992717
3.9163191819646554
3.7069453691980643
3.903699466377307
3.9250502373762193
3.861208883820066
4.032389754702331
3.995137105322188
4.145846148205411
3.871975324715778
