2.3825288244113803
2.1640203257275235
1.965905063471217
1.7363986695648
1.7885089140788766
1.5487156354697647
1.5854266388401104
1.4080861624638745
1.3972356714260805
1.273151828984546
1.2876184457426618
1.2259350513956349
1.165174768988494
1.0942409945901033
1.1267443883950543
1.0823894310149418
1.0093814373775651
0.9748005479764027
0.9906186605714689
0.9242957526711142
0.9286867266247987
0.9494827568151389
0.9437603084904373
0.87243165180182
0.9026853920547826
0.8283369563947058
0.8847319624226564
0.8213848297003727
0.8439747148258671
0.7869642756547138
0.8027054566866273
0.7698786471300064
0.786878699330008
0.7648560315560383
0.7753627203452359
0.7513072703294693
0.7471834751451092
0.7314849357316449
0.7672289539674285
0.7173140168569649
0.6938690072411944
0.6809869251053804
0.6787079787178404
0.6674779852864089
0.6289745557839703
0.6537864386655723
0.63691916359458
0.6514190782786934
0.6080767628113934
0.623275470961431
0.5856691644449902
0.6557312493870973
0.5903312438612531
0.6650790015982974
0.6282003022682895
0.6312287994630777
0.5917774503398093
0.5951910595984975
0.5869713926770884
0.5876343618532655
0.5834767212913294
0.579347648248551
0.5548142081802818
0.5545066915879584
0.5540683089168208
0.5335589415708165
0.5633899279081138
0.5465583447248313
0.5248612173993117
0.5410291012495186
0.5282387401267981
0.526540815640407
0.5421580994964406
0.5007207429712746
0.53584573546033
0.5187390867122419
0.5147651845862151
0.5136931094394368
0.5073179484932286
0.5005963412439747
0.5312148903016072
0.488207039369899
0.5373124101549197
0.5070343743653813
0.5488632997130133
0.4992085614591647
0.520263042039932
0.4981937181607933
0.5038100185857457
0.4870986610081545
0.49209552519260696
0.5011899436165572
0.4867471865597804
0.5081506027917194
0.4950260140333965
0.5398297455090626
0.4930385082580481
0.505936357340995
0.47647868799176185
0.5021287738137944
0.4854365631843069
0.4909480659255556
0.47554125983244294
0.47980677720847403
0.467912495136261
0.4687083048425662
0.4790402366097566
0.4768772202122743
0.4768301068217891
0.47202400929608923
0.46517117188614643
0.4800762480041783
0.4715744987794548
0.45251139599806184
0.4747186594518127
0.4615873151524052
0.4864208555904923
0.4937016451434725
0.4953579480291172
0.47127590314218193
0.4625354926487443
0.4684053823636596
0.4561929723639397
0.4756553352448591
0.44823439181989927
0.47941491880993936
0.4515446717761884
0.47181597912007833
0.47732883217228445
0.47065718965545583
0.47168756224167574
0.48866413239460843
0.4682764420463781
0.4765373550023243
0.4771381583373258
0.47479023324076536
0.46700534110615965
0.4458407337308689
0.4567793339111243
0.4717500275297529
0.4495506179370698
0.44867925279459375
0.46049393371791597
0.4770734982126078
0.4677260911009114
0.451791810381944
0.4560256748442437
0.4723677199547458
0.4520714471864093
0.4526243726159357
