2.3032596642803993
2.306711397353251
2.3044455294396466
2.3098599910736084
2.3082155209438056
2.313428983566867
2.3099456835704246
2.3155737576211335
2.290483793635277
2.272760496018039
2.1445093154907227
2.0759450068139724
2.019479802459668
1.9155537991007423
1.851412918916933
1.8295832644602297
1.7990875957877772
1.782719344849799
1.733014216088945
1.7115551347185851
1.6993331559904061
1.6944369077682495
1.649821490239186
1.634787252754163
1.6050133241969309
1.5974097084847225
1.576410071105714
1.5874761312630525
1.5648996032726992
1.5569235025697452
1.5334881293545863
1.5336145132210603
1.5266544780913431
1.4999138534448708
1.5145108236628733
1.4847388556049128
1.4888603315231905
1.4731184654175096
1.4868117183636709
1.4557449863215162
1.448049263589701
1.4311755880428727
1.4615523465879403
1.4469398510683873
1.4433773649725945
1.4241442315897364
1.4149136080104074
1.4232288318075192
1.4238522660200763
1.4057011087988591
1.3962805263555733
1.391066317345686
1.4045264326083433
1.3947694385127656
1.4085922058980176
1.3880943986260967
1.3775549641080722
1.394779020054325
1.3946237245183082
1.384183439479512
1.3855221453745654
1.3674338357463764
1.3654220628130966
1.3639321349988318
1.3650757529932982
1.3698297260673182
1.365422202523347
1.3568793755428048
1.35128336803169
1.3406058861191865
1.344640325588785
1.337499850115199
1.3573797721012382
1.3497685110493072
1.3373873142679786
1.329324586376263
1.3427463268778126
1.341786648817123
1.318947832295849
1.3276169095069739
1.3319951014913571
1.3345617853152525
1.3270248854236237
1.3150666435812688
1.3161236374241532
1.3086519412174347
1.318462844107561
1.3073259341488979
1.3027839508785564
1.3061246583416204
1.303809080913568
1.3011970197319225
1.2983533208537255
1.2970998811114365
1.3005975367157323
1.2993416345802842
1.314684226634396
1.2937147993191032
1.2921363665799426
1.3086826171085333
1.2924787755225116
1.2829453941363438
1.2886845017694364
1.2817610016294345
1.2920941763622746
1.284472861867042
1.2945111299016674
1.2785106984673031
1.2798088557401281
1.290825274719554
1.2962870848406651
1.2737404939475332
1.2908647493192345
1.2724745607679817
1.2640768293362514
1.2855840363320272
1.2842886949041088
1.2846853938072351
1.2874681057444044
1.277383103871801
1.2627385998987088
1.2668598689091433
1.256838094276987
1.2812780828992272
1.2590764248447053
1.2695418858224419
1.2783178049287978
1.2754462934603357
1.2763769569670318
1.2768383648744814
1.2612984795479258
1.2435428488786053
1.2676928085126695
1.2668767225970128
1.2679419396029916
1.2718903578011094
1.262846272082845
1.268884951901284
1.257677630634065
1.2491974154855037
1.2594716837451716
1.2483836754112487
1.2426982829525213
1.2670630019181852
1.2608967973927783
1.2686017341674514
1.2630600306638486
1.259928180913257
1.2544941754098151
1.2447116883697025
