0.5683860000000001
0.6274299999999999
0.6612100000000001
0.49886
0.592814
0.5561860000000001
0.6502779999999999
0.617936
0.6390100000000001
0.5888979999999999
0.574638
0.609646
0.6712940000000001
0.5321139999999999
0.6069939999999999
0.60661
0.5710660000000001
0.626176
0.613964
0.5633900000000001
0.5531699999999999
0.599604
0.5817399999999999
0.544558
0.5416160000000001
0.605328
0.590696
0.589934
0.5785699999999999
0.572518
0.571188
0.58511
0.5693779999999999
0.585686
0.6212040000000001
0.546664
0.601282
0.54786
0.565292
0.573688
0.613866
0.604104
0.599282
0.6302760000000001
0.553928
0.564758
0.570972
0.592856
0.566346
0.575042
0.559416
0.606632
0.558534
0.546804
0.5758300000000001
0.56667
0.641846
0.5515
0.573806
0.570664
0.6007119999999999
0.586158
0.578274
0.596534
0.57843
0.5473
0.54138
0.6018300000000001
0.5791639999999999
0.583668
0.577012
0.6265160000000001
0.5980580000000001
0.585402
0.577396
0.577096
0.5789960000000001
0.572506
0.6195740000000001
0.5808040000000001
0.585116
0.55374
0.5625640000000001
0.5804699999999999
0.55805
0.581122
0.626868
0.587144
0.6223500000000001
0.5559139999999999
0.59192
0.54908
0.586778
0.5744
0.5857859999999999
0.59375
0.5869000000000001
0.5445059999999999
0.5914
0.554664
0.579478
0.5439539999999999
0.601058
0.543632
0.576738
0.600388
0.590472
0.5804180000000001
0.571648
0.581558
0.568318
0.580764
0.61507
0.5598839999999999
0.5798260000000001
0.552662
0.564338
0.543122
0.638984
0.6179140000000001
0.561658
0.573458
0.5800580000000001
0.575204
0.6112719999999999
0.5721719999999999
0.589346
0.587144
0.5955820000000001
0.5869740000000001
0.5997319999999999
0.59712
0.602968
0.587614
0.55756
0.567124
0.556122
0.612772
0.6231040000000001
0.556936
0.559944
0.5605939999999999
0.59509
0.5806100000000001
0.584584
0.57606
0.599434
0.584838
0.616922
0.6201620000000001
