0.589316
0.6364179999999999
0.5979599999999999
0.5855
0.662462
0.626878
0.647128
0.6151420000000001
0.62082
0.64888
0.653612
0.684942
0.7118319999999999
0.6882739999999999
0.7077340000000001
0.646144
0.673452
0.637684
0.699222
0.6631539999999999
0.700016
0.651162
0.639222
0.7158559999999999
0.729192
0.689356
0.6238060000000001
0.708402
0.691278
0.67442
0.658636
0.7734479999999999
0.685632
0.72704
0.7558219999999999
0.738688
0.737484
0.7314559999999999
0.730834
0.696132
0.767842
0.6974539999999999
0.713786
0.712754
0.73075
0.713708
0.729598
0.7314900000000001
0.739768
0.733392
0.702504
0.740316
0.74748
0.7635900000000001
0.712008
0.738814
0.7264559999999999
0.7363400000000001
0.7329960000000001
0.720772
0.730158
0.741548
0.6969859999999999
0.757562
0.7270480000000001
0.68952
0.732776
0.744672
0.739822
0.703172
0.769004
0.7646459999999999
0.749596
0.7164699999999999
0.7421719999999999
0.732796
0.739034
0.73375
0.737084
0.743394
0.6946139999999998
0.7516660000000001
0.7446400000000001
0.7569140000000001
0.7467280000000001
0.686308
0.7311219999999999
0.7217800000000001
0.738802
0.7430939999999999
0.751738
0.742472
0.74055
0.7061079999999998
0.7241339999999999
0.7168659999999999
0.73784
0.7144360000000001
0.7101780000000001
0.7565759999999999
0.753036
0.7137
0.693732
0.7005539999999999
0.748698
0.74265
0.739714
0.7287259999999999
0.730202
0.7450060000000001
0.724056
0.721874
0.7015380000000001
0.6919440000000001
0.705462
0.6962600000000001
0.6821039999999999
0.6763399999999999
0.706302
0.735702
0.710292
0.710536
0.754398
0.7480800000000001
0.73542
0.722578
0.700114
0.74118
0.741682
0.727888
0.751066
0.710152
0.711426
0.724548
0.739878
0.732878
0.7096779999999999
0.7208020000000002
0.723492
0.7364080000000001
0.7499520000000001
0.7448239999999999
0.70542
0.704204
0.7128399999999999
0.7440140000000001
0.724776
0.7027899999999999
0.708034
0.729178
