0.5511159999999999
0.5575399999999999
0.638828
0.645318
0.541788
0.576532
0.536142
0.512466
0.6091920000000001
0.537706
0.605202
0.554486
0.561656
0.582984
0.5816
0.6054820000000001
0.5232340000000001
0.549132
0.6373139999999999
0.5678839999999999
0.54111
0.629266
0.509978
0.574288
0.567598
0.6167000000000001
0.5812579999999999
0.4736760000000001
0.633766
0.573288
0.60376
0.5389499999999999
0.56962
0.532208
0.6209100000000001
0.580158
0.596326
0.61952
0.5942400000000001
0.5885559999999999
0.6231660000000001
0.516046
0.600668
0.582112
0.573918
0.64768
0.552732
0.563318
0.6180960000000001
0.550764
0.5745819999999999
0.5987919999999999
0.5520860000000001
0.571126
0.6222799999999999
0.572502
0.604394
0.519462
0.563844
0.573734
0.484946
0.639744
0.570214
0.5065759999999999
0.591152
0.5662360000000001
0.600268
0.5137179999999999
0.553618
0.539716
0.55939
0.59883
0.572444
0.578606
0.5112720000000001
0.580658
0.554334
0.591842
0.578218
0.5775399999999999
0.6174820000000001
0.562524
0.559522
0.542674
0.5958359999999999
0.616912
0.5715600000000001
0.534404
0.565442
0.534422
0.6095440000000001
0.540648
0.567444
0.596724
0.552568
0.535668
0.55064
0.59126
0.568446
0.530832
0.620474
0.56997
0.5648
0.579664
0.51311
0.56085
0.623684
0.571116
0.5820259999999999
0.6049920000000001
0.5401060000000001
0.573256
0.6080819999999999
0.596962
0.5879220000000001
0.5999080000000001
0.6052259999999999
0.5858760000000001
0.6391939999999999
0.523404
0.547778
0.549726
0.601088
0.574354
0.5969340000000001
0.5482340000000001
0.552472
0.5829799999999999
0.5333559999999999
0.629172
0.5823659999999999
0.630362
0.526452
0.588374
0.622802
0.621938
0.6117499999999999
0.5453100000000001
0.633618
0.536552
0.6017
0.503414
0.5974680000000001
0.545552
0.606086
0.570356
0.585084
0.567228
0.5651219999999999
0.6156980000000001
