0.614414
0.5
0.5
0.5
0.6082
0.57217
0.616138
0.5913160000000001
0.52753
0.5344739999999999
0.629942
0.6146159999999999
0.65556
0.6188339999999999
0.64144
0.671538
0.672518
0.640626
0.6849660000000001
0.657312
0.602256
0.703074
0.558674
0.5
0.6735019999999999
0.6229299999999999
0.633346
0.648006
0.6890379999999999
0.682242
0.7111200000000001
0.6735399999999999
0.631398
0.606296
0.722752
0.63003
0.7149320000000001
0.5
0.7116100000000001
0.603002
0.6849680000000001
0.534566
0.709084
0.637626
0.677946
0.6525759999999999
0.697604
0.64353
0.7060500000000001
0.636742
0.6607559999999999
0.699826
0.6916100000000001
0.684286
0.690244
0.685494
0.727942
0.704762
0.64461
0.6325419999999999
0.6832479999999999
0.711222
0.6419799999999999
0.536964
0.7094820000000001
0.637022
0.6056299999999999
0.70623
0.6757999999999998
0.7127620000000001
0.6853319999999999
0.621128
0.6793100000000001
0.640114
0.660018
0.6723359999999999
0.679886
0.697452
0.695986
0.6991179999999999
0.7125640000000001
0.63969
0.688674
0.6670039999999999
0.7325919999999999
0.611942
0.691496
0.65607
0.6739620000000001
0.597344
0.5887
0.688104
0.6892280000000001
0.65718
0.6363699999999999
0.61103
0.6997840000000001
0.695102
0.633444
0.613476
0.712412
0.7254659999999999
0.714308
0.619162
0.653942
0.6930120000000001
0.732448
0.637246
0.67719
0.6899040000000001
0.6213580000000001
0.708732
0.7040099999999999
0.7150380000000001
0.687926
0.5907359999999999
0.652378
0.7083320000000001
0.6217280000000001
0.629672
0.647498
0.704894
0.608438
0.676514
0.65203
0.600702
0.641626
0.7065579999999999
0.506956
0.6942400000000001
0.6392760000000001
0.5469999999999999
0.620876
0.6098140000000001
0.561148
0.62673
0.696406
0.562512
0.521406
0.679708
0.670612
0.616464
0.691982
0.6800160000000002
0.6910679999999999
0.66154
0.6647419999999999
0.6106039999999999
0.533836
0.684226
