0.5
0.5
0.5
0.5
0.5
0.5
0.6627280000000001
0.615986
0.5
0.566138
0.5
0.59868
0.63388
0.609354
0.6921959999999999
0.665626
0.648536
0.5
0.5
0.6152860000000001
0.642568
0.636684
0.686708
0.5
0.668934
0.652122
0.646762
0.677192
0.6518740000000001
0.667114
0.693484
0.672132
0.709336
0.64286
0.6546279999999999
0.6361999999999999
0.6352300000000001
0.6072799999999999
0.6991499999999999
0.6454239999999999
0.680288
0.683368
0.68075
0.6743239999999999
0.643202
0.6499119999999999
0.6597360000000001
0.668382
0.667512
0.5717220000000001
0.6421919999999999
0.6535
0.665524
0.6566299999999999
0.6668759999999999
0.686512
0.695814
0.6174339999999999
0.621642
0.6268579999999999
0.5
0.625656
0.684636
0.6140159999999999
0.6740320000000001
0.655124
0.7062579999999999
0.653496
0.706504
0.699564
0.646972
0.640212
0.679174
0.640996
0.6728660000000001
0.655984
0.6838059999999999
0.689016
0.660704
0.66313
0.636778
0.6236520000000001
0.635966
0.558694
0.6232900000000001
0.6507240000000001
0.6658959999999999
0.6802819999999999
0.645796
0.6602920000000001
0.6757839999999999
0.622124
0.647822
0.625012
0.5944619999999999
0.6277699999999999
0.628924
0.598772
0.6263620000000001
0.6522840000000001
0.6477519999999999
0.592224
0.6569
0.64608
0.6577440000000001
0.591244
0.6231179999999998
0.5780959999999999
0.6256740000000001
0.6404880000000001
0.6197280000000001
0.6422899999999999
0.655978
0.603138
0.5823740000000001
0.606206
0.601498
0.572238
0.5975
0.6620299999999999
0.5961020000000001
0.57569
0.6196860000000001
0.599206
0.637628
0.61349
0.6209319999999999
0.5324859999999999
0.6357619999999999
0.580882
0.61008
0.602348
0.620562
0.5588139999999999
0.6164999999999999
0.6339500000000001
0.640906
0.60914
0.56421
0.586054
0.5349520000000001
0.64633
0.558462
0.556002
0.5982479999999999
0.5864900000000001
0.5652300000000001
0.600418
0.606604
0.6243359999999999
