0.646536
0.572446
0.624588
0.61176
0.5894619999999999
0.5513859999999999
0.65745
0.5
0.5860799999999999
0.531018
0.5
0.62543
0.604768
0.5882799999999999
0.649278
0.5
0.657308
0.60234
0.589702
0.619248
0.543858
0.64807
0.5
0.59267
0.631856
0.616348
0.523076
0.616112
0.65526
0.669422
0.663626
0.679456
0.59219
0.589088
0.685756
0.602636
0.66243
0.606382
0.677056
0.604798
0.680156
0.6253259999999999
0.6239979999999999
0.578936
0.660854
0.633856
0.629212
0.6280600000000001
0.6679419999999999
0.5
0.6673680000000001
0.629294
0.577904
0.6838420000000001
0.611088
0.66925
0.648902
0.606366
0.669348
0.645954
0.62616
0.629532
0.6723960000000001
0.638226
0.6694760000000001
0.61023
0.694912
0.6468039999999999
0.608222
0.65565
0.607444
0.666556
0.702204
0.67738
0.6111979999999999
0.610568
0.629196
0.6526839999999999
0.6324679999999999
0.642662
0.665558
0.644192
0.6497959999999999
0.619502
0.677438
0.638864
0.634566
0.6467679999999999
0.6386419999999999
0.682556
0.661112
0.6150819999999999
0.600818
0.6250319999999999
0.614834
0.600442
0.690898
0.621672
0.67977
0.66968
0.591358
0.6718379999999999
0.677602
0.636086
0.570252
0.664992
0.669308
0.6559140000000001
0.642598
0.6161960000000001
0.6669400000000001
0.616656
0.6379659999999999
0.6367419999999999
0.671958
0.659266
0.6671159999999999
0.658276
0.626994
0.624554
0.622084
0.639574
0.609632
0.6370660000000001
0.589108
0.617814
0.602216
0.64001
0.54707
0.659354
0.6330039999999999
0.69129
0.59183
0.69592
0.564346
0.609974
0.6484599999999999
0.659172
0.611404
0.6479880000000001
0.628066
0.649196
0.638648
0.6308659999999999
0.663132
0.6152519999999999
0.682466
0.649756
0.6073
0.621326
