0.630418
0.554308
0.5573140000000001
0.578842
0.629842
0.646552
0.522886
0.5502400000000001
0.5388839999999999
0.5776999999999999
0.610178
0.5345119999999999
0.552318
0.569902
0.579742
0.573472
0.56377
0.604244
0.60656
0.5443359999999999
0.5959459999999999
0.592114
0.6153379999999999
0.59022
0.5810059999999999
0.646518
0.592038
0.629428
0.6971499999999999
0.613736
0.650362
0.611538
0.620746
0.638196
0.628262
0.58104
0.677718
0.615708
0.643362
0.631888
0.622414
0.6202660000000001
0.628038
0.651404
0.6079800000000001
0.6470119999999999
0.595124
0.6577980000000001
0.630658
0.636386
0.6192340000000001
0.63349
0.6292220000000001
0.638132
0.6473799999999998
0.667594
0.618768
0.6081099999999999
0.6271199999999999
0.610494
0.6450039999999999
0.648536
0.627936
0.6521840000000001
0.651748
0.6587159999999999
0.64187
0.6311559999999999
0.655984
0.6614800000000001
0.6411879999999999
0.660782
0.6403
0.650792
0.655328
0.62253
0.6660880000000001
0.6620059999999999
0.6388260000000001
0.646446
0.6475539999999999
0.6451199999999999
0.6452780000000001
0.669014
0.64177
0.66971
0.684884
0.64284
0.614962
0.66916
0.666068
0.631324
0.655958
0.631054
0.674196
0.6167480000000001
0.649632
0.618732
0.6200060000000001
0.643016
0.6567020000000001
0.657176
0.649166
0.629748
0.6370640000000001
0.659052
0.68408
0.6478459999999999
0.652744
0.638512
0.669206
0.628106
0.678206
0.647024
0.62832
0.6315360000000001
0.648482
0.60348
0.690116
0.666622
0.676588
0.6362399999999999
0.6272680000000002
0.62468
0.638088
0.670928
0.66577
0.679382
0.666576
0.6437639999999999
0.6366539999999999
0.6944159999999999
0.6463320000000001
0.688382
0.692786
0.6839120000000001
0.6151179999999999
0.6541279999999999
0.6398539999999999
0.641486
0.7027880000000001
0.62901
0.6168619999999999
0.6962360000000001
0.6724600000000001
0.675926
0.6424839999999999
0.6687420000000001
0.6653339999999999
0.6724159999999999
