0.572604
0.5
0.5
0.5
0.5
0.5
0.6372140000000001
0.5
0.6328820000000001
0.5547439999999999
0.5
0.625414
0.5
0.614918
0.657934
0.5
0.5
0.5
0.6296579999999999
0.6473519999999999
0.6383260000000001
0.660054
0.5
0.6372059999999999
0.615794
0.5153860000000001
0.634224
0.6527000000000001
0.694638
0.6331779999999999
0.60575
0.677862
0.6009439999999999
0.62271
0.680316
0.61275
0.5606180000000001
0.6394860000000001
0.6357
0.6199619999999999
0.671162
0.6503960000000001
0.6477640000000001
0.64123
0.657884
0.657864
0.602214
0.620108
0.5893720000000001
0.5
0.62888
0.5832919999999999
0.5844759999999999
0.6342019999999999
0.622086
0.6929839999999999
0.632654
0.525432
0.65456
0.60086
0.6556420000000001
0.6054059999999999
0.601146
0.650276
0.633214
0.652744
0.691194
0.680228
0.557294
0.6920620000000001
0.644504
0.6616719999999999
0.645068
0.61922
0.6322099999999999
0.616558
0.6248159999999999
0.6839780000000001
0.6009699999999999
0.656036
0.664972
0.630256
0.600508
0.577856
0.6549500000000001
0.583104
0.5644340000000001
0.6514939999999999
0.5418499999999999
0.625872
0.657594
0.6542059999999998
0.644734
0.571136
0.6132580000000001
0.64923
0.603812
0.691022
0.642736
0.586656
0.62422
0.549136
0.64003
0.60006
0.633264
0.6593439999999999
0.6012080000000001
0.626062
0.612336
0.607958
0.6823680000000001
0.5849840000000001
0.693926
0.625224
0.621712
0.598296
0.640474
0.6080559999999999
0.59502
0.599654
0.549558
0.626546
0.5961540000000001
0.591444
0.5884
0.649858
0.58485
0.666152
0.6087180000000001
0.612354
0.592886
0.5873100000000001
0.620044
0.60387
0.603002
0.615992
0.600884
0.62915
0.614262
0.6384679999999999
0.6528799999999999
0.631354
0.553434
0.590178
0.616018
0.5530919999999999
0.616602
0.64606
0.624622
0.611352
