0.6520999999999999
0.611246
0.678598
0.636986
0.6116699999999999
0.6335660000000001
0.6231979999999999
0.660038
0.664088
0.6669820000000001
0.6497419999999999
0.6257
0.664502
0.677112
0.7036819999999999
0.63073
0.697876
0.684972
0.649826
0.712172
0.668942
0.68228
0.7174919999999999
0.665044
0.701226
0.653708
0.6987
0.7110479999999999
0.7208460000000001
0.716232
0.6685939999999999
0.69823
0.699908
0.722738
0.734048
0.674228
0.7111639999999999
0.618302
0.7116399999999999
0.726128
0.684164
0.71143
0.7009559999999999
0.7128819999999999
0.712992
0.6871520000000001
0.728454
0.7255119999999999
0.721032
0.71779
0.701418
0.69902
0.683716
0.755156
0.69903
0.73351
0.673022
0.693086
0.694614
0.7299000000000001
0.72454
0.702738
0.7189500000000001
0.721562
0.7056420000000001
0.63438
0.7170839999999999
0.7256779999999999
0.73768
0.726518
0.720976
0.7395259999999999
0.7374
0.705916
0.7384820000000001
0.684516
0.6962619999999999
0.713998
0.679574
0.6925060000000001
0.72313
0.72531
0.7244700000000001
0.722262
0.71803
0.7222219999999999
0.71912
0.713406
0.680336
0.7160880000000001
0.709436
0.7094999999999998
0.700486
0.718404
0.72897
0.692746
0.7314440000000001
0.737398
0.708596
0.73816
0.741444
0.722576
0.741328
0.7381639999999999
0.7218640000000001
0.70801
0.7426699999999999
0.742694
0.736926
0.71889
0.75127
0.7194799999999999
0.7072299999999999
0.711118
0.728858
0.686652
0.686978
0.742254
0.702798
0.767374
0.714018
0.725152
0.734652
0.712862
0.693584
0.729132
0.7391040000000001
0.738076
0.7036479999999999
0.7373740000000001
0.73768
0.7058159999999999
0.71951
0.732306
0.709024
0.698372
0.7322940000000001
0.730102
0.737636
0.7303499999999999
0.723714
0.734954
0.730558
0.710132
0.67401
0.719124
0.717784
0.7223980000000001
0.7250380000000001
0.7396940000000001
