0.64019
0.586808
0.591606
0.597472
0.654624
0.646042
0.535608
0.581118
0.568364
0.52642
0.5682020000000001
0.5503560000000001
0.5536880000000001
0.559606
0.529272
0.56395
0.571272
0.57368
0.640118
0.5741479999999999
0.559952
0.541466
0.5596939999999999
0.562668
0.569462
0.532154
0.5633
0.573534
0.618552
0.575298
0.557168
0.58627
0.568614
0.55738
0.560926
0.572384
0.5858099999999999
0.6055299999999999
0.570772
0.570538
0.571018
0.607546
0.58531
0.5762079999999999
0.577636
0.582696
0.556224
0.5884400000000001
0.556512
0.5586120000000001
0.607072
0.5924980000000001
0.58404
0.595836
0.5748700000000001
0.6329940000000001
0.583274
0.5875759999999999
0.5697859999999999
0.60468
0.603738
0.577396
0.610412
0.601376
0.661804
0.581502
0.59443
0.5828000000000001
0.588918
0.579882
0.573256
0.547586
0.5736000000000001
0.565596
0.6077079999999999
0.5542640000000001
0.586788
0.574674
0.56729
0.638546
0.564944
0.556692
0.5785
0.5889559999999999
0.5725100000000001
0.602132
0.6607759999999999
0.573418
0.5988060000000001
0.5770839999999999
0.629772
0.560372
0.6079319999999999
0.604406
0.57289
0.5988
0.61505
0.580472
0.57419
0.5718340000000001
0.618352
0.598338
0.584352
0.590784
0.596036
0.563886
0.596692
0.5688359999999999
0.6073540000000001
0.58389
0.662818
0.594678
0.596398
0.590226
0.579158
0.58911
0.583924
0.572606
0.6424979999999999
0.591058
0.567796
0.6056560000000001
0.569284
0.5797
0.602428
0.5918000000000001
0.596164
0.605434
0.596942
0.564856
0.59534
0.659596
0.590454
0.632854
0.664664
0.6629179999999999
0.568082
0.583794
0.6156940000000001
0.6017319999999999
0.607402
0.584286
0.601614
0.627578
0.5564140000000001
0.65337
0.595604
0.577566
0.629226
0.608388
