0.604152
0.655684
0.673554
0.670322
0.609324
0.6642800000000001
0.669398
0.651316
0.657216
0.644588
0.6525059999999999
0.66613
0.64707
0.6475139999999999
0.667748
0.638962
0.64336
0.670586
0.641432
0.6860740000000001
0.6562579999999999
0.642838
0.6461199999999999
0.6836
0.675654
0.692588
0.703368
0.659854
0.6974999999999999
0.690044
0.6997019999999999
0.70022
0.70712
0.6979420000000001
0.700662
0.719674
0.709974
0.712578
0.685558
0.722388
0.7345
0.7353639999999999
0.71991
0.70697
0.6865160000000001
0.729836
0.716278
0.74392
0.7431639999999999
0.7294360000000001
0.7449739999999999
0.7359380000000001
0.726858
0.717488
0.739768
0.7082179999999999
0.73496
0.711794
0.735022
0.743806
0.752644
0.726598
0.719632
0.69475
0.739944
0.721704
0.7360119999999999
0.713538
0.7374020000000001
0.7550960000000001
0.7375499999999999
0.7307199999999999
0.727936
0.721716
0.715872
0.728596
0.707618
0.74516
0.743778
0.7314759999999999
0.7331200000000001
0.7330819999999999
0.738994
0.7244360000000001
0.7339739999999999
0.743618
0.737408
0.74286
0.7066199999999999
0.756744
0.693724
0.7247180000000001
0.734812
0.74481
0.758086
0.7533039999999999
0.7197500000000001
0.7321620000000001
0.752014
0.724988
0.7326419999999999
0.7484
0.74882
0.7366180000000001
0.737646
0.73807
0.7614339999999999
0.72137
0.764372
0.714008
0.73334
0.7446759999999999
0.7245159999999999
0.7169519999999999
0.7589699999999999
0.7414660000000001
0.7205600000000001
0.718732
0.752838
0.7325820000000001
0.7323060000000001
0.727768
0.726804
0.736018
0.738966
0.726536
0.710386
0.7173160000000001
0.7417
0.7077359999999999
0.751308
0.7487680000000001
0.747952
0.686398
0.7536459999999999
0.7159460000000001
0.745494
0.733982
0.759532
0.6948080000000001
0.71468
0.72249
0.737144
0.743232
0.698146
0.73403
0.721028
0.7117960000000001
0.7256999999999999
0.716684
