0.5
0.5
0.5
0.5
0.5
0.5
0.5
0.5
0.5
0.5
0.5
0.5815159999999999
0.5
0.5
0.595066
0.624886
0.611646
0.590642
0.6693999999999999
0.65698
0.536326
0.635726
0.5399700000000001
0.633142
0.5
0.567052
0.48805
0.5995879999999999
0.56507
0.56169
0.6541020000000001
0.6949660000000001
0.517978
0.550942
0.544512
0.558182
0.635502
0.6201639999999999
0.6640679999999999
0.514054
0.6265639999999999
0.5
0.5822919999999999
0.56224
0.6426020000000001
0.6418119999999999
0.5866659999999999
0.528134
0.563838
0.577174
0.549836
0.531776
0.551906
0.559704
0.592322
0.5251220000000001
0.6970260000000001
0.5420079999999999
0.5410259999999999
0.56993
0.5555
0.599554
0.552466
0.4852
0.576278
0.568548
0.46871799999999997
0.623868
0.589204
0.6299380000000001
0.5075500000000001
0.539732
0.507436
0.584592
0.45502000000000004
0.5471539999999999
0.524634
0.5502079999999999
0.5663199999999999
0.5564179999999999
0.5542020000000001
0.5100140000000001
0.53788
0.58537
0.63764
0.580912
0.514492
0.510612
0.6538900000000001
0.506298
0.5736399999999999
0.508426
0.545774
0.560546
0.481564
0.494254
0.547588
0.607132
0.583162
0.48617400000000005
