0.674224
0.5
0.55007
0.5
0.64614
0.6110680000000001
0.555718
0.592554
0.56372
0.547526
0.565442
0.570246
0.622864
0.55811
0.633008
0.567048
0.577974
0.555272
0.640224
0.58219
0.602144
0.550766
0.62081
0.589152
0.645304
0.583152
0.6358039999999999
0.560438
0.702222
0.614794
0.612932
0.60576
0.667094
0.6480360000000001
0.6168939999999999
0.6114339999999999
0.59934
0.6343240000000001
0.6255280000000001
0.6163060000000001
0.647146
0.619386
0.6240559999999999
0.605406
0.6420100000000001
0.662484
0.623088
0.652562
0.623586
0.664058
0.6138920000000001
0.658766
0.63049
0.605884
0.632282
0.716314
0.654234
0.663738
0.637504
0.652922
0.603836
0.681246
0.6452819999999999
0.6886140000000001
0.71441
0.6651019999999999
0.634262
0.6460839999999999
0.6561619999999999
0.686886
0.64652
0.640002
0.5954760000000001
0.662026
0.637136
0.6659219999999999
0.5
0.6533059999999999
0.662594
0.673132
0.685458
0.70735
0.643864
0.69562
0.670504
0.7294560000000001
0.660444
0.676616
0.6332019999999999
0.650524
0.7250219999999999
0.6628160000000001
0.69681
0.662782
0.660104
0.6341379999999999
0.6533819999999999
0.6634
0.66066
0.63143
0.7049580000000001
0.641046
0.693852
0.651226
0.654624
0.660578
0.67744
0.6624439999999999
0.66455
0.6602680000000001
0.640506
0.641204
0.670266
0.6587419999999999
0.680792
0.6150979999999999
0.6698240000000001
0.59321
0.7005600000000001
0.640042
0.671948
0.642972
0.6334080000000001
0.6812900000000001
0.6664699999999999
0.631412
0.6848759999999999
0.7011059999999999
0.6493359999999999
0.65459
0.6182160000000001
0.7204579999999999
0.6771259999999999
0.6954419999999999
0.701992
0.71179
0.650594
0.645024
0.6665220000000001
0.62635
0.681188
0.6451940000000002
0.649586
0.70835
0.655192
0.6984520000000001
0.694546
0.6635260000000001
0.597276
0.672528
