0.5
0.5
0.5
0.5
0.5
0.5
0.5
0.5
0.606226
0.586172
0.6078060000000001
0.629256
0.663466
0.5
0.6566120000000001
0.6484559999999999
0.5
0.653376
0.702244
0.5
0.647458
0.5
0.6728919999999999
0.6870120000000001
0.686736
0.636876
0.6028960000000001
0.69492
0.725896
0.688734
0.5
0.725836
0.699756
0.7061979999999999
0.7111160000000001
0.639474
0.681856
0.69288
0.7084879999999999
0.6845399999999999
0.627632
0.638392
0.6489419999999999
0.69789
0.61177
0.6674220000000001
0.697536
0.674974
0.68509
0.6951080000000001
0.5979019999999999
0.5
0.68377
0.58559
0.594724
0.6111359999999999
0.6156600000000001
0.57899
0.602758
0.548646
0.578778
0.583214
0.6383939999999999
0.6092540000000001
0.5
0.6598580000000001
0.646316
0.6266339999999999
0.595666
0.582168
0.6150059999999999
0.620826
0.6276120000000001
0.687172
0.641754
0.61059
0.614864
0.6240180000000001
0.6455839999999999
0.602982
0.628462
0.646636
0.63079
0.569342
0.644436
0.614206
0.585984
0.558436
0.587712
0.57325
0.6099500000000001
0.6030540000000001
0.659832
0.5747840000000001
0.594174
0.603204
0.59738
0.599122
0.5189079999999999
0.5502
0.597836
0.5
0.597326
0.57724
0.5790040000000001
0.54538
0.582034
0.589248
0.567592
0.543056
0.564464
0.60008
0.583986
0.537014
0.614642
0.5710839999999999
0.5783339999999999
0.5454300000000001
0.606182
0.578338
0.615662
0.5799300000000001
0.566954
0.576038
0.570796
0.595646
0.5339860000000001
0.544988
0.5779259999999999
0.5839479999999999
0.5708840000000001
0.583412
0.60341
0.593454
0.5408080000000001
0.553534
0.564186
0.56684
0.54236
0.560336
0.6309659999999999
0.5338240000000001
0.544108
0.6008140000000001
0.5
0.588646
0.5794900000000001
0.600654
0.543092
0.59046
