0.599738
0.559828
0.6215120000000001
0.63285
0.5578280000000001
0.603544
0.63992
0.610394
0.619664
0.5873940000000001
0.527674
0.5452600000000001
0.6014440000000001
0.629564
0.59336
0.554852
0.619054
0.592524
0.56293
0.58133
0.5936859999999999
0.5741459999999999
0.54802
0.540124
0.6010679999999999
0.6065079999999999
0.6281899999999999
0.570696
0.587622
0.6158600000000001
0.535694
0.578284
0.5285059999999999
0.59007
0.528612
0.644664
0.6332380000000001
0.542882
0.592804
0.5503979999999999
0.6383460000000001
0.547852
0.5866319999999999
0.596722
0.6130139999999998
0.6025480000000001
0.570728
0.595162
0.5659439999999999
0.55769
0.5662140000000001
0.581404
0.563716
0.5616220000000001
0.5231560000000001
0.5972639999999999
0.5598679999999999
0.558138
0.5701359999999999
0.57195
0.570896
0.563876
0.551212
0.612502
0.557504
0.530322
0.5978260000000001
0.583596
0.585944
0.581576
0.530624
0.570808
0.558466
0.5477559999999999
0.610758
0.5878680000000001
0.546582
0.56889
0.5808099999999999
0.5683779999999999
0.540414
0.567492
0.589324
0.616036
0.589304
0.6000120000000001
0.591868
0.562268
0.5799359999999999
0.56368
0.59123
0.565774
0.596098
0.5632520000000001
0.582168
0.598666
0.589648
0.595028
0.5756939999999999
0.573704
0.5459179999999999
0.566564
0.5694779999999999
0.662614
0.547394
0.525768
0.555566
0.600862
0.5759340000000001
0.615738
0.576452
0.6038199999999999
0.5770559999999999
0.585756
0.59854
0.573758
0.6018319999999999
0.6138619999999999
0.58955
0.614902
0.556234
0.560022
0.569966
0.5919719999999999
0.617482
0.53907
0.6104999999999999
0.569932
0.60218
0.543186
0.573442
0.584606
0.596832
0.588722
0.6364559999999999
0.5593
0.58596
0.622542
0.571132
0.558866
0.5918140000000001
0.55996
0.6072919999999999
0.547898
0.625168
0.6023179999999999
0.580186
0.544566
0.599446
0.582174
