0.5
0.5
0.5
0.646812
0.658706
0.5
0.5
0.5
0.62248
0.5
0.642132
0.5
0.5854199999999999
0.5
0.5
0.654214
0.556322
0.584502
0.5
0.597972
0.6048859999999999
0.6467419999999999
0.652908
0.6200159999999999
0.6394940000000001
0.5
0.6397459999999999
0.6100319999999999
0.636498
0.5696060000000001
0.52155
0.568188
0.639336
0.606398
0.6516379999999999
0.624684
0.666126
0.5
0.635672
0.622818
0.620162
0.66512
0.663086
0.5
0.57802
0.6200559999999999
0.650694
0.5637479999999999
0.677386
0.6347879999999999
0.581584
0.6329440000000001
0.6134259999999999
0.642818
0.635098
0.6459060000000001
0.669746
0.6268459999999999
0.627876
0.5504859999999999
0.591364
0.624062
0.60158
0.6500059999999999
0.658906
0.6092580000000001
0.65388
0.670022
0.6387900000000001
0.61037
0.632498
0.662978
0.709302
0.6105259999999999
0.649434
0.555874
0.5421640000000001
0.6798099999999999
0.632692
0.63307
0.614248
0.68952
0.61544
0.5602140000000001
0.534368
0.558002
0.525494
0.6729179999999999
0.65752
0.6716519999999999
0.6119680000000001
0.594644
0.6103020000000001
0.663554
0.573518
0.6532500000000001
0.6583540000000001
0.644676
0.599268
0.592356
0.584608
0.606228
0.616774
0.5929260000000001
0.6421079999999999
0.560234
0.6061019999999999
0.638996
0.597998
0.656304
0.565638
0.648764
0.5
0.5
0.5832780000000001
0.497316
0.6649700000000001
0.6415299999999999
0.5902780000000001
0.603418
0.626496
0.599628
0.585534
0.629128
0.64537
0.613902
0.687838
0.538724
0.62524
0.624358
0.64903
0.6322380000000001
0.60098
0.613742
0.605742
0.5758179999999999
0.622662
0.644994
0.594924
0.605416
0.64262
0.594006
0.598822
0.5679259999999999
0.679386
0.595952
0.5866319999999999
0.5830839999999999
0.623138
0.583828
