19968.742611408234
10.0
14.799999999999999
11.24
18.91
33.12
47.5
36.77
27.439999999999998
27.029999999999998
29.03
36.02
26.46
52.839999999999996
10.43
39.76
46.21
36.63
27.529999999999998
51.2
51.43
62.44
49.91
51.27
41.36
53.1
60.92999999999999
66.29
58.58
69.44
52.370000000000005
32.519999999999996
69.46
71.19
61.809999999999995
61.660000000000004
69.06
67.53
66.5
67.97
68.17999999999999
57.379999999999995
66.10000000000001
68.13
69.11
72.27
73.05
65.9
72.99
67.74
73.09
68.08
72.91
72.53
74.07000000000001
70.07
75.88000000000001
75.13
75.57000000000001
73.81
74.52
75.21
66.36
74.27
75.56
72.3
74.71
74.55000000000001
76.82
76.39
74.91
76.42
73.89
75.07000000000001
77.24
73.53
76.94
75.73
76.75
76.08
76.25999999999999
75.81
76.09
76.25
77.47
76.07000000000001
76.28
77.28
77.35
76.64
77.69
77.34
77.95
78.07
76.36
77.92
77.75
76.85
75.51
75.5
76.44999999999999
