1537.6699514389038
10.879999999999999
14.84
11.59
13.450000000000001
16.89
24.03
25.169999999999998
25.47
26.6
27.700000000000003
29.4
29.81
31.5
32.21
33.14
33.58
34.839999999999996
35.06
36.69
36.71
38.54
38.48
39.23
39.2
40.849999999999994
40.93
42.059999999999995
42.02
42.84
43.21
43.89
44.12
44.379999999999995
45.34
45.550000000000004
45.78
46.18
46.339999999999996
46.45
47.14
46.87
47.78
47.61
47.949999999999996
48.49
48.79
48.92
49.29
49.21
49.01
50.28
49.84
49.6
50.38
50.32
50.33
50.9
51.29
50.970000000000006
51.739999999999995
51.68000000000001
52.11
52.26
51.82
52.72
52.400000000000006
52.43
52.72
52.99
52.83
53.010000000000005
53.25
52.96999999999999
53.72
53.59
54.11
53.93
53.669999999999995
54.300000000000004
53.86
54.66
54.89000000000001
54.64
54.93
54.50000000000001
54.800000000000004
55.08
55.169999999999995
55.08
55.279999999999994
55.13
55.25
55.7
55.120000000000005
55.35
55.69
55.85
55.800000000000004
55.559999999999995
56.08
