8573.60843038559
10.0
10.0
10.08
24.52
33.550000000000004
38.72
39.62
42.0
42.4
44.64
45.92
46.88
47.089999999999996
47.46
48.209999999999994
48.28
49.19
49.74
49.57
50.839999999999996
50.63999999999999
51.18000000000001
51.03
51.66
51.65
51.88
52.61
52.54
52.09
52.33
52.96999999999999
51.690000000000005
52.900000000000006
52.410000000000004
52.949999999999996
52.71
53.06999999999999
53.18000000000001
52.910000000000004
53.080000000000005
53.09
53.269999999999996
53.64
53.959999999999994
53.690000000000005
53.98
53.400000000000006
53.97
53.64
53.5
53.12
53.669999999999995
53.74
53.73
54.05
54.36
53.690000000000005
53.92
53.56999999999999
53.900000000000006
53.910000000000004
53.64
53.61
53.800000000000004
53.190000000000005
53.849999999999994
54.14
53.61
53.54
54.32
53.53
54.269999999999996
54.37
53.87
54.169999999999995
53.7
53.43
53.83
53.900000000000006
53.72
52.959999999999994
53.16
53.65
53.6
53.33
53.52
53.16
53.47
53.23
53.32
53.52
53.09
53.349999999999994
53.959999999999994
53.54
53.87
53.44
53.36
53.68000000000001
53.81
