901.1716394424438
15.040000000000001
10.91
15.39
20.82
23.11
24.19
25.95
27.08
29.5
30.959999999999997
32.879999999999995
35.07
36.620000000000005
38.16
39.800000000000004
40.589999999999996
41.410000000000004
42.77
43.519999999999996
44.66
45.129999999999995
45.81
47.18
48.11
48.89
49.89
50.4
50.94
51.739999999999995
52.03
52.71
53.2
53.900000000000006
54.59
55.279999999999994
55.31
56.16
56.93
56.92
57.620000000000005
57.8
58.309999999999995
58.74
59.260000000000005
59.58
59.72
60.160000000000004
60.51
61.019999999999996
61.44
61.5
61.82
62.0
62.3
62.44
62.89
63.22
63.519999999999996
63.660000000000004
63.91
64.03999999999999
64.63
64.77000000000001
64.87
65.32
65.16999999999999
65.84
65.62
65.97
66.36
66.86
66.49000000000001
67.25
67.14
67.15
67.81
67.66
68.02
68.30000000000001
68.52000000000001
68.51
68.8
69.14
69.05
69.17999999999999
69.63000000000001
69.49
70.03
69.74000000000001
70.08
69.92
70.19999999999999
70.41
70.58
70.55
70.85000000000001
71.22
71.14
71.14
71.39999999999999
