14850.091615438461
10.209999999999999
30.7
42.6
48.6
48.11
54.50000000000001
56.56
58.35
60.46
62.19
64.25999999999999
65.48
66.01
67.49000000000001
68.43
68.76
70.03
69.44
71.28
72.0
71.76
72.83
73.21
72.91
73.89
73.88
74.68
75.41
75.5
75.7
75.62
76.46
76.5
76.57000000000001
77.25999999999999
77.33
77.53999999999999
77.66
77.62
78.12
78.42
78.25
78.89
78.8
78.97
79.10000000000001
79.63
79.41
79.56
79.95
79.81
79.93
80.22
80.23
80.28999999999999
80.47
81.07
80.55
80.89
80.84
81.03
81.13
81.10000000000001
81.58
81.16
81.37
81.41000000000001
81.69999999999999
81.58
81.8
81.56
81.84
81.99
82.19999999999999
82.38
82.24000000000001
82.48
82.66
82.3
82.48
82.58
82.67
82.73
82.80999999999999
83.07
82.78999999999999
82.91
82.71
82.41000000000001
83.04
82.94
83.5
82.95
83.08
82.91
83.22
83.49
83.15
83.39999999999999
83.31
