21153.0667822361
10.0
10.0
21.2
22.220000000000002
20.76
20.18
21.17
20.95
24.64
23.77
23.04
24.72
27.12
28.560000000000002
30.459999999999997
26.22
30.06
29.549999999999997
31.4
30.509999999999998
33.660000000000004
31.759999999999998
35.160000000000004
35.53
34.410000000000004
36.85
33.650000000000006
37.59
36.63
35.85
32.51
32.97
38.2
38.98
39.07
38.45
43.580000000000005
42.9
42.27
42.99
44.440000000000005
42.64
43.76
43.41
40.31
42.71
41.25
37.45
35.22
35.99
36.95
38.269999999999996
36.04
37.04
37.81
32.129999999999995
33.72
36.82
32.56
31.009999999999998
33.19
36.41
36.44
33.550000000000004
31.96
34.68
32.440000000000005
34.870000000000005
35.3
35.64
37.980000000000004
37.24
32.42
33.56
35.5
38.440000000000005
37.7
37.13
35.07
35.68
36.55
35.58
34.83
34.48
32.9
34.150000000000006
34.33
34.12
34.46
34.44
31.990000000000002
32.67
32.45
31.53
29.48
27.76
24.490000000000002
26.27
25.56
26.540000000000003
