565.1787464618683
13.79
10.280000000000001
14.16
20.87
23.419999999999998
24.4
25.09
27.66
29.020000000000003
31.35
32.54
34.510000000000005
36.32
38.29
38.91
40.32
41.58
43.04
43.81
43.53
45.46
46.03
47.42
48.52
48.66
49.78
50.06
51.03
51.17
51.83
52.900000000000006
53.44
54.03
54.33
54.81
55.269999999999996
55.85
56.230000000000004
56.88999999999999
57.220000000000006
57.79
58.120000000000005
58.36
59.160000000000004
59.5
59.96
60.0
60.209999999999994
60.77
60.86
61.260000000000005
61.419999999999995
61.83
62.35000000000001
62.18
62.980000000000004
62.77
63.36000000000001
63.800000000000004
63.78
63.949999999999996
64.18
64.39
64.53999999999999
64.81
64.87
65.16
65.71000000000001
65.62
66.14999999999999
66.03
66.43
66.29
66.53999999999999
66.97
67.49000000000001
67.34
67.47999999999999
67.25999999999999
67.74
68.44
68.15
68.57
68.83
69.13
68.99
68.78
68.94
69.37
69.69999999999999
70.03
69.69
69.77
69.85
70.26
70.49
70.62
70.81
70.86
70.89
