1571.7302551269531
13.850000000000001
11.08
13.25
20.23
23.630000000000003
23.07
25.53
27.779999999999998
29.43
30.630000000000003
32.019999999999996
33.37
35.24
37.66
39.36
40.22
41.17
42.34
43.15
43.85
45.09
45.98
46.01
46.489999999999995
47.86
48.199999999999996
48.370000000000005
49.32
50.57000000000001
50.33
50.81
51.67
52.53
52.6
53.1
53.99
55.11000000000001
55.05
55.64
55.74
56.220000000000006
57.14
57.730000000000004
57.42
57.269999999999996
57.52
58.15
57.92
57.599999999999994
59.08
58.86
59.309999999999995
59.46
58.91
60.77
60.11
60.18
61.0
60.83
60.660000000000004
61.35
61.22
61.550000000000004
61.529999999999994
61.75000000000001
62.38
62.239999999999995
61.980000000000004
62.17
62.92
63.06
62.59
62.64999999999999
63.129999999999995
63.27
63.42
63.41
62.83
63.3
63.62
63.73
63.870000000000005
63.39
63.739999999999995
64.29
64.11
64.55
64.45
64.23
64.49000000000001
64.62
64.35
64.51
64.89
64.88000000000001
64.98
64.59
64.59
64.61
64.5
