1488.4399065971375
10.03
13.930000000000001
11.68
13.100000000000001
17.07
24.25
25.47
25.91
27.47
28.24
30.15
31.630000000000003
32.51
33.58
34.56
35.22
35.97
36.42
38.1
37.93
39.56
40.07
40.78
41.13
42.18
42.58
43.36
44.01
44.3
44.519999999999996
45.47
45.79
45.989999999999995
46.44
46.9
47.08
47.77
47.73
47.980000000000004
48.46
48.449999999999996
49.32
49.82
49.730000000000004
49.38
50.21
50.1
50.57000000000001
50.71
50.529999999999994
51.59
51.239999999999995
51.74999999999999
51.51
51.839999999999996
51.949999999999996
52.35999999999999
52.49
52.81
52.959999999999994
53.06999999999999
53.22
53.339999999999996
53.74
54.300000000000004
53.839999999999996
53.21
53.620000000000005
54.02
53.339999999999996
54.09
54.339999999999996
54.410000000000004
54.96
54.36
55.14
54.87
55.25
54.75
54.96
54.690000000000005
55.04
54.76
54.92
54.75
55.089999999999996
55.38999999999999
55.52
54.74
55.36
55.00000000000001
55.25
55.36
55.31
55.45
55.38999999999999
54.93
55.510000000000005
55.510000000000005
55.94
