2001.5579760074615
14.08
11.21
11.06
14.979999999999999
21.2
22.78
24.04
24.779999999999998
25.919999999999998
26.41
27.08
27.450000000000003
29.349999999999998
31.05
31.35
32.910000000000004
34.69
35.74
36.69
37.6
38.09
38.86
39.47
40.32
40.07
40.64
40.739999999999995
41.79
41.980000000000004
42.85
44.17
44.41
44.9
44.91
45.08
45.57
46.18
46.43
47.099999999999994
46.71
47.42
48.089999999999996
48.39
49.25
48.120000000000005
49.21
49.13
48.96
49.51
50.160000000000004
50.07
50.470000000000006
50.49
51.05
51.41
51.49
51.300000000000004
51.480000000000004
51.66
52.07000000000001
52.38
52.1
52.64
52.76
52.64
53.16
53.53
53.2
53.36
53.580000000000005
53.22
54.02
53.98
53.87
53.86
54.7
54.85
54.449999999999996
54.449999999999996
55.22
54.98
54.800000000000004
55.400000000000006
55.37
55.169999999999995
55.489999999999995
56.089999999999996
56.120000000000005
55.42
56.269999999999996
56.79
56.58
56.269999999999996
56.730000000000004
55.989999999999995
56.379999999999995
57.489999999999995
57.14
57.48
56.989999999999995
