232.62547397613525
13.320000000000002
10.79
14.29
19.39
21.93
22.88
25.85
24.55
28.810000000000002
30.44
31.879999999999995
31.8
35.46
36.79
38.86
39.68
40.96
41.85
43.14
43.93
44.629999999999995
46.1
46.61
47.49
48.15
48.84
49.0
50.31
50.56
50.83
51.629999999999995
52.900000000000006
53.42
52.86
53.14
54.36
55.43
55.28999999999999
55.38999999999999
56.19
56.87
57.489999999999995
57.68
57.78
58.309999999999995
58.46
58.709999999999994
60.06
59.4
59.8
59.81999999999999
60.57
61.419999999999995
61.650000000000006
60.92999999999999
61.27
61.59
61.41
62.51
62.81
62.22
62.49
63.12
62.94
63.09
64.5
64.19
64.41
64.56
65.10000000000001
65.3
64.12
64.94
66.08000000000001
65.81
66.23
66.8
66.17
66.56
67.21000000000001
66.64999999999999
67.09
67.36
67.33
67.82000000000001
67.91
67.61
68.28
67.84
68.24
68.55
67.89
67.97999999999999
68.57
68.75
68.62
69.31
69.15
69.28
69.24
