1233.5260555744171
13.139999999999999
13.07
15.129999999999999
20.22
23.26
23.630000000000003
25.77
27.87
29.7
31.45
32.74
34.760000000000005
36.449999999999996
38.379999999999995
39.4
41.08
41.67
42.76
43.76
44.78
45.0
46.04
46.39
47.760000000000005
48.5
49.29
49.64
50.870000000000005
51.23
52.290000000000006
52.64
53.31
53.910000000000004
54.63
55.50000000000001
55.65
56.52
56.940000000000005
57.19
57.06
58.269999999999996
58.63
58.620000000000005
58.95
59.550000000000004
59.69
60.28
60.919999999999995
60.64000000000001
61.28
61.650000000000006
61.71
61.91
62.339999999999996
62.49
62.71
63.239999999999995
63.59
63.9
63.72
64.21
64.59
64.84
64.69
65.09
65.0
65.47
65.71000000000001
65.91
66.08000000000001
65.9
66.67
66.49000000000001
66.74
67.24
67.38
67.55
67.49000000000001
67.67
67.78
68.33
68.31
68.49
68.77
68.73
68.89
69.1
69.08
69.36
69.67
69.38
69.86
69.63000000000001
69.86
70.25
70.3
70.25
70.0
70.72
70.57
