1543.291445016861
10.0
10.639999999999999
13.139999999999999
16.93
12.46
14.74
11.77
11.74
14.21
17.28
20.26
22.0
24.18
24.490000000000002
23.54
23.28
24.03
23.94
25.19
25.46
26.14
25.14
23.96
26.0
26.279999999999998
26.279999999999998
26.05
26.51
26.41
27.500000000000004
27.88
28.42
28.96
28.98
30.14
30.7
31.730000000000004
31.509999999999998
31.97
32.029999999999994
32.35
32.440000000000005
32.519999999999996
32.96
32.84
32.93
33.31
33.7
33.89
33.800000000000004
33.7
33.92
34.260000000000005
34.339999999999996
34.64
34.74
34.42
35.06
34.9
34.38
34.57
35.18
35.510000000000005
35.75
35.67
35.78
36.05
35.85
36.09
36.47
36.71
36.75
37.25
37.269999999999996
37.5
38.03
37.86
38.129999999999995
38.23
38.43
38.32
39.01
38.98
38.9
38.75
39.14
39.56
39.36
39.23
39.65
39.7
39.629999999999995
39.85
40.21
39.75
39.589999999999996
39.85
40.29
40.21
39.94
