3267.7318572998047
10.0
25.009999999999998
32.34
33.28
38.22
38.78
41.53
43.8
47.53
43.24
47.47
50.77
50.839999999999996
53.410000000000004
52.6
54.59
55.44
54.55
54.54
56.39999999999999
54.2
56.82000000000001
58.660000000000004
59.4
57.79
55.1
57.57
56.089999999999996
58.36
58.91
57.489999999999995
58.79
58.10999999999999
61.59
62.2
58.230000000000004
59.07
61.07
57.15
61.06
59.72
60.57
55.26
58.93000000000001
58.269999999999996
59.38
60.74
60.95
60.73
60.370000000000005
59.650000000000006
60.77
60.85
57.4
58.98
59.36
60.46
60.589999999999996
60.440000000000005
59.85
58.050000000000004
58.309999999999995
60.83
58.10999999999999
55.21
55.55
54.43
60.14000000000001
55.50000000000001
59.68
58.830000000000005
53.239999999999995
55.88999999999999
53.47
58.730000000000004
61.17
57.45
56.34
57.589999999999996
57.28
54.98
56.3
54.43
53.690000000000005
57.230000000000004
52.35999999999999
55.45
49.65
53.949999999999996
57.68
52.669999999999995
55.24
50.44
55.98
54.09
49.02
56.10000000000001
50.8
53.800000000000004
55.97
