3189.7651047706604
19.46
31.230000000000004
38.6
41.64
40.75
45.879999999999995
46.97
52.15
52.71
53.2
54.89000000000001
57.589999999999996
57.99999999999999
57.16
59.86
61.96
61.49
63.21
62.38
64.32
64.8
64.98
63.24999999999999
65.88000000000001
65.74
64.86
66.36
66.75999999999999
67.41
68.24
68.27
67.46
68.46
68.35
68.37
67.69
68.67999999999999
69.73
69.52000000000001
69.58
69.27
69.86
70.67
70.57
70.89999999999999
70.76
70.65
70.52000000000001
70.99
70.64
69.88
72.03
71.8
71.31
71.77
72.11999999999999
71.41999999999999
71.73
72.2
71.89
72.45
72.78
72.76
71.82
72.74000000000001
71.03
72.96000000000001
71.61999999999999
73.17
72.64
73.41
72.61999999999999
73.69
73.44000000000001
73.46000000000001
72.63
72.76
72.92
73.42
73.11999999999999
73.04
73.00999999999999
73.05
73.00999999999999
73.71
73.09
73.48
74.02
73.65
73.54
74.35000000000001
72.98
74.11
74.31
74.00999999999999
73.58
73.61999999999999
74.05000000000001
73.67
74.24
