1685.6084926128387
14.56
11.18
12.049999999999999
18.9
22.99
22.81
24.560000000000002
27.12
28.110000000000003
28.71
30.5
31.180000000000003
32.48
34.97
36.02
37.39
38.64
39.65
40.33
40.67
42.36
42.93
42.41
43.480000000000004
43.94
44.64
44.95
45.519999999999996
46.9
47.39
47.870000000000005
48.699999999999996
48.5
48.63
48.78
49.57
50.67
50.629999999999995
50.93
51.1
51.76
52.05
52.89
52.78
53.339999999999996
53.300000000000004
53.53
53.33
53.61
54.98
54.620000000000005
55.059999999999995
55.02
55.22
55.46
56.230000000000004
56.31
56.76
56.81
57.220000000000006
57.330000000000005
57.24
57.38999999999999
57.269999999999996
57.02
57.66
58.13
58.17
58.269999999999996
58.599999999999994
58.81999999999999
58.620000000000005
58.96
58.919999999999995
59.74
59.19
59.589999999999996
58.879999999999995
59.21999999999999
59.81999999999999
59.419999999999995
59.06
59.870000000000005
60.150000000000006
60.6
60.79
60.980000000000004
60.809999999999995
60.92999999999999
61.160000000000004
61.31999999999999
61.27
61.370000000000005
61.07
61.42999999999999
61.550000000000004
61.86000000000001
61.78
61.39
61.51
