19103.610516309738
10.24
32.56
43.2
43.22
49.05
49.830000000000005
54.92
55.38999999999999
57.26
59.77
60.650000000000006
59.730000000000004
62.22
63.739999999999995
63.78
65.03
65.52
65.81
67.0
66.99000000000001
67.22
68.22
67.46
68.56
68.33
68.31
68.86
67.89
68.99
69.28999999999999
70.46
70.38
70.28
70.52000000000001
70.56
71.26
71.05
71.28999999999999
71.5
71.24000000000001
70.82000000000001
70.82000000000001
70.81
71.54
71.33
71.32
71.57
71.41
71.11
71.38
71.53
71.83
71.61999999999999
71.39
71.57
72.04
71.97
71.84
71.81
71.72
71.49
71.97
71.8
71.72
72.0
72.0
71.95
71.76
71.81
71.95
72.14
71.39
72.72999999999999
72.41
72.69
72.42
72.16
72.43
72.08
72.14
72.36
72.0
72.11999999999999
71.96000000000001
72.13000000000001
71.87
72.39999999999999
72.27
72.13000000000001
72.18
72.16
72.21
72.28999999999999
72.11
72.61999999999999
72.54
72.57000000000001
72.61999999999999
72.45
72.54
