19551.40511083603
10.0
10.0
22.16
26.669999999999998
23.119999999999997
25.15
25.290000000000003
23.72
23.75
27.229999999999997
30.34
30.25
32.97
30.0
34.18
34.36
34.54
35.260000000000005
36.22
37.16
37.91
39.019999999999996
39.31
42.5
42.449999999999996
41.79
43.74
40.62
46.77
46.5
44.61
43.05
46.9
42.57
49.8
50.17
49.93
46.64
58.26
54.120000000000005
58.98
54.47
52.290000000000006
56.55
52.09
58.099999999999994
56.379999999999995
59.309999999999995
59.63
56.84
58.97
60.01
59.41
57.010000000000005
57.35
60.77
59.260000000000005
61.870000000000005
60.35
58.77
60.07
59.79
59.06
57.66
58.78
59.35
59.050000000000004
60.74
62.92
61.49
58.86
60.029999999999994
60.23
61.739999999999995
61.79
61.7
60.56
61.7
60.78
63.54
63.190000000000005
63.190000000000005
61.85000000000001
64.45
61.660000000000004
64.42
61.7
63.59
63.17
62.56
63.41
63.56
64.23
64.42999999999999
63.75999999999999
63.77
65.35
64.4
65.64
64.03999999999999
