1489.9945149421692
10.059999999999999
17.14
12.61
14.399999999999999
14.45
19.5
21.62
22.7
24.37
25.4
25.03
25.919999999999998
26.669999999999998
27.93
25.130000000000003
26.76
28.02
27.97
28.49
29.270000000000003
28.38
29.599999999999998
30.740000000000002
31.730000000000004
31.96
32.72
32.9
33.550000000000004
34.06
34.1
35.11
35.35
35.75
35.88
36.55
36.870000000000005
37.11
37.03
37.78
37.72
37.84
37.01
38.32
37.39
38.129999999999995
37.940000000000005
38.2
38.080000000000005
36.29
37.68
37.86
37.330000000000005
37.85
39.269999999999996
40.07
39.22
41.370000000000005
41.010000000000005
41.9
40.089999999999996
42.5
41.93
42.57
42.32
43.2
42.28
42.24
41.980000000000004
43.580000000000005
42.84
42.95
43.730000000000004
43.68
43.68
43.14
43.97
43.8
43.97
43.96
43.78
44.68
44.74
44.15
44.72
44.43
44.9
44.49
44.67
44.25
45.2
45.34
45.56
45.09
45.09
45.21
45.57
45.01
45.17
44.379999999999995
44.529999999999994
