1738.1483221054077
13.459999999999999
10.99
13.38
20.36
22.8
23.61
25.14
27.98
29.310000000000002
30.9
32.61
34.07
35.809999999999995
37.49
39.24
40.21
41.13
42.28
43.19
43.88
45.01
45.83
45.989999999999995
46.83
47.71
48.41
48.71
49.059999999999995
50.64999999999999
50.8
51.190000000000005
51.85999999999999
52.7
53.32
53.63
53.61
54.94
55.510000000000005
55.36
55.83
56.52
56.84
57.36
57.54
57.620000000000005
57.199999999999996
58.4
58.3
58.36
59.45
59.06
59.4
59.650000000000006
59.88
60.589999999999996
60.27
60.96
61.11
61.38
61.14000000000001
62.2
61.41
61.870000000000005
62.35000000000001
62.77
62.92
62.7
63.12
62.82
63.31
63.959999999999994
63.72
63.7
64.05999999999999
64.14999999999999
64.58
64.89
64.28
64.83
64.58
65.10000000000001
64.75999999999999
65.24
65.28
65.86999999999999
65.64999999999999
65.98
65.74
66.12
66.46
66.22
66.52
66.46
66.2
67.03
66.83
66.93
67.25999999999999
66.75999999999999
66.94
