3497.8611118793488
10.0
16.77
24.279999999999998
28.88
33.6
30.740000000000002
31.929999999999996
36.61
40.98
42.0
42.85
42.730000000000004
43.35
43.49
44.17
48.91
48.11
48.58
50.41
51.66
51.300000000000004
50.129999999999995
54.06999999999999
53.98
54.22
54.67999999999999
54.55
56.830000000000005
54.72
54.55
57.4
55.55
55.76
56.230000000000004
56.69
58.28
57.330000000000005
57.87
58.81999999999999
57.11000000000001
57.220000000000006
58.28
58.46
57.940000000000005
57.97
58.93000000000001
59.440000000000005
59.37
60.38
58.489999999999995
59.64
59.31999999999999
59.17
59.940000000000005
61.029999999999994
59.36
60.01
57.74
58.43000000000001
54.559999999999995
59.17
59.830000000000005
59.78
60.4
60.19
59.56
61.22
59.540000000000006
59.870000000000005
61.28
59.709999999999994
59.46
60.209999999999994
59.84
58.78
59.589999999999996
59.660000000000004
59.709999999999994
59.4
58.79
58.15
60.01
59.5
60.650000000000006
59.650000000000006
59.06
58.86
60.150000000000006
59.730000000000004
58.15
58.28
58.379999999999995
61.67
60.06
58.48
59.050000000000004
60.51
56.84
58.440000000000005
60.24
