1162.3982193470001
10.299999999999999
10.639999999999999
16.09
14.44
18.09
24.79
24.8
26.27
27.389999999999997
29.01
30.080000000000002
31.65
32.690000000000005
33.77
34.53
35.46
36.61
37.16
38.35
39.4
39.839999999999996
41.22
42.0
43.02
43.43
44.18
44.7
45.24
45.68
46.28
46.93
47.5
47.53
47.82
48.44
48.61
48.79
49.419999999999995
49.65
49.89
50.349999999999994
50.62
50.77
51.29
51.72
51.949999999999996
52.190000000000005
52.51
52.72
52.72
52.99
53.16
53.52
53.559999999999995
53.790000000000006
54.059999999999995
53.89000000000001
54.190000000000005
54.510000000000005
54.76
54.75
55.06999999999999
55.300000000000004
55.21
55.47
55.559999999999995
55.57
55.94
56.089999999999996
56.13
56.230000000000004
56.379999999999995
56.34
56.34
56.620000000000005
56.910000000000004
56.88999999999999
57.07
57.21000000000001
57.24
57.57
57.769999999999996
57.85
57.92
58.17
57.99999999999999
58.39
58.52
58.230000000000004
58.68
58.97
59.089999999999996
59.27
59.27
59.21999999999999
59.5
59.45
59.4
59.46
59.650000000000006
