3334.11857008934
15.32
24.95
25.509999999999998
33.81
42.79
44.55
46.410000000000004
47.82
49.480000000000004
51.71
53.04
50.73
55.65
43.54
54.64
58.599999999999994
56.66
58.64
54.43
60.39
62.029999999999994
57.87
59.19
60.88
61.28
63.17
62.82
61.29
64.79
62.08
59.27
64.38000000000001
67.34
60.83
63.06
67.67999999999999
66.16
67.27
66.75
64.3
65.78
65.19
69.34
68.41000000000001
66.42
70.03
63.849999999999994
67.44
66.58
69.71000000000001
66.91
65.91
69.17999999999999
69.58
68.52000000000001
71.5
71.59
67.30000000000001
69.45
69.73
70.54
63.38
68.05
71.32
70.03
64.64
68.58999999999999
71.5
72.35000000000001
71.86
72.06
70.67
70.61
73.61
67.9
72.13000000000001
73.1
72.86
73.61
72.84
71.05
73.54
74.48
73.8
72.89
66.12
72.82
72.78999999999999
74.31
72.08
74.82
71.08
73.52
70.39999999999999
73.45
72.77
68.54
73.26
74.00999999999999
73.24000000000001
