1383.2775530815125
15.129999999999999
12.839999999999998
13.930000000000001
21.17
22.78
24.709999999999997
25.97
27.41
29.75
31.34
32.26
34.53
36.14
38.06
39.410000000000004
40.46
41.53
42.559999999999995
43.519999999999996
44.09
44.91
45.43
46.150000000000006
47.19
47.870000000000005
48.86
49.36
50.17
50.79
51.5
52.339999999999996
52.52
52.690000000000005
53.37
54.0
54.510000000000005
54.879999999999995
55.71
55.94
56.379999999999995
56.830000000000005
57.52
57.550000000000004
58.03
58.17
58.46
58.91
59.209999999999994
59.709999999999994
60.040000000000006
60.41
60.629999999999995
60.79
61.23
61.33
61.24000000000001
61.68
62.260000000000005
62.43
62.63999999999999
63.12
63.44
63.449999999999996
63.68000000000001
64.08
64.05
64.55
64.51
64.58
64.67
64.99000000000001
65.36
65.58
65.71000000000001
65.89
66.11
66.11
66.45
66.58
66.99000000000001
66.86
67.15
67.34
67.47
67.82000000000001
67.92
68.01
68.35
68.17
68.53
68.84
68.64
68.92
69.08
69.11
69.46
69.23
69.35
69.73
69.63000000000001
