2.2989574951730716
2.2920182632033232
2.2707047295418517
2.1576621714670945
2.05416277715355
2.028714347796835
1.9999126362952457
1.965382925264395
1.9237096317254814
1.883293567189745
1.8293621904531103
1.796213501577924
1.7491614909688378
1.701628650069996
1.674676091807663
1.6312910819509228
1.6053350708287233
1.5737712079552328
1.555778722094882
1.537466409859384
1.5116325624429496
1.4833355200518468
1.4762755548878082
1.4827570429273471
1.4478600556683388
1.4271483147979542
1.4242239977903426
1.4142948487761673
1.379713562643452
1.3738787014772937
1.352224949059213
1.3352904327356132
1.320903351352473
1.320086435907206
1.3039524707065266
1.313863309325686
1.271316592101079
1.2714958623716026
1.2701555391785446
1.253865131147348
1.2360139204438325
1.2244006152365619
1.2122437095945808
1.2044411256055163
1.2100027924889971
1.2071199523415534
1.184554445136125
1.1824013575626786
1.1822799702358853
1.1526608083658159
1.1627817700622947
1.1516321517859296
1.142876248071148
1.1392056387700853
1.1241757926667573
1.1290559673764904
1.1158393245593758
1.1086418909631717
1.1005364736174321
1.1074598526499073
1.082958464409895
1.0950879686197657
1.0841116248422367
1.0800154638138546
1.0671944978890147
1.0656746823316927
1.0602543589415823
1.0637767075733016
1.0602817782171212
1.0472681343935097
1.040800754052059
1.0372079481744463
1.040479805439141
1.0267212178297103
1.0251108221947007
1.0212227736309076
1.0169466654206538
1.0259031763501987
1.0162970791956423
1.0182363706029904
1.0001444266100599
1.015700874055267
1.0116699907430418
1.004533944236245
0.991884296107444
0.9984326487893511
0.9869311410150711
0.9982288923992473
0.9827038231928638
0.9733185285975219
0.9797539487006558
0.9734239301104455
0.9780997800978886
0.9745651897351453
0.9689890894160909
0.9713437587592253
0.9707971499983672
0.97046816576818
0.9648589556384238
0.9576887697171254
