2.2988765239715576
2.2917460544853454
2.2725432693578633
2.163335367372841
2.0550640829049858
2.0245035932322217
2.0016009397567456
1.9636224933490631
1.9269268171043152
1.8779640068673784
1.8245959752684187
1.7787494196253977
1.734567989209655
1.6855364635491827
1.6604348626106409
1.6231622642772212
1.5906273430320108
1.5557888184383417
1.532333324669273
1.5283561777916683
1.4886381330004164
1.4762774819781066
1.4503714453642536
1.4371942008376881
1.4232554405358187
1.4016973380070583
1.3863388694775332
1.368346737448577
1.3465634713507002
1.3407377543722747
1.3245015615110944
1.307921740659483
1.2937268679309044
1.284982798965114
1.264783384693656
1.2532078984436716
1.2465652356481856
1.2282779710308003
1.2156274607227107
1.2084148469244598
1.1931515503081547
1.1802999787269883
1.1690596596450562
1.1611370413925997
1.149665525005122
1.1372191837638805
1.1361120836749958
1.1261476232747363
1.116329248923405
1.1092940906810154
1.1023980136130267
1.090807046859887
1.0800383774338254
1.0762109247742184
1.0674511725735512
1.0576726239957628
1.0514026728405315
1.0460428925836163
1.0358462029961264
1.0300094189157911
1.0233350589776495
1.0244332586124445
1.0180568900077966
1.0107366708433552
1.0075560390569602
1.001929769090786
0.9879684535561094
0.985896196714632
0.978655832588293
0.968933876532658
0.9675040024860649
0.9606580646934023
0.964959541323838
0.9546635109148208
0.9473989332557484
0.9410508058633015
0.9343283305502241
0.9343125630336203
0.9366607650829728
0.9285648180420991
0.9175631775977505
0.919968775503195
0.9101121361088601
0.9103517627260488
0.9022511482998065
0.9019614761802042
0.9000057904583634
0.8974357008174726
0.8890616453377305
0.8816814259359032
0.879366350781386
0.8792940146604161
0.8738521373575661
0.8761815181963003
0.8671834664359973
0.8658298360314339
0.8592632652088336
0.8573257440973998
0.8519293100211272
0.8511188947091437
