2.301794513775285
2.2988484285439656
2.292897099901916
2.275860558649537
2.194994315979587
2.060201165782418
2.02874292233947
2.001212282545248
1.9750192901890748
1.951603692807969
1.9243293901917282
1.9042547812127764
1.8836536688409793
1.863309898194234
1.8392027760766874
1.818513504259146
1.7943211869829019
1.7824029861741764
1.7271973798229436
1.706225773331466
1.6704857288652164
1.6378370014725216
1.6390783969004443
1.617103578178746
1.5885058656619613
1.586810621486348
1.548841676894267
1.538846362168622
1.536274449081178
1.5376030115564918
1.49736155294309
1.4973411036145157
1.4953008199193676
1.4694989448899676
1.4595554011642553
1.464757954998381
1.4483749175527294
1.4441854923394075
1.441273705974506
1.4282264390568824
1.4267985418344
1.4071067397002202
1.4013301931369078
1.3985913308562747
1.4000128143152613
1.3915758246828795
1.389476214244867
1.3844135050561017
1.3777366428618218
1.3782655274032787
1.357306437127909
1.366078412456877
1.354035974308184
1.3626109612215855
1.355852882573559
1.3567624076916154
1.3396968917482217
1.3406685545186328
1.3319434884247507
1.3345198889446865
1.3296715727277622
1.3339066023279906
1.3289938496935898
1.3232776978213316
1.3159066966384838
1.3168416676247956
1.322596978609729
1.3194458461870813
1.3088353390146972
1.3193955858042286
1.3101709648302406
1.312046829682247
1.3033079413851356
1.296382263967186
1.3052316376358082
1.3093990778467457
1.307961670076771
1.3104572113911817
1.3113470681154045
1.299742827749556
1.3039838083230766
1.3045897115567686
1.3128890968432092
1.2994602140347669
1.3178114071013822
1.29807923781644
1.304639384245417
1.3023358556874998
1.32298753140079
1.2869650368477887
1.309002613186077
1.3103337246141615
1.3045252781764718
1.2937291025356124
1.2865494690882933
1.3045123116985249
1.3130656173274775
1.3052902802540238
1.3009282399894326
1.297564219517313
