2.24208379095527
1.9328424854643027
1.9766166096280335
1.768089119795781
1.5425871967510054
1.5050356152710642
1.4327968017310853
1.43926938703865
1.4106598401525219
1.3351685924894492
1.3214823212593225
1.425647923141528
1.2465280719623444
1.6400471773876506
1.252267579364169
1.1446521084779386
1.225023846717397
1.1527322538339408
1.3304348234917707
1.1182439923286438
1.0630414151841667
1.200983008761315
1.1170594494813566
1.0756895925588668
1.0947011834496905
1.0426733884841772
1.0435160785723643
1.1063949044343013
0.9884018165290736
1.083833468947441
1.1690701751192665
1.0220708672408085
0.9321768431906488
1.1414719068320693
1.0742864677101185
0.9399122964045045
0.9731809382985352
0.9308688598833267
0.9642940292692488
1.0648879526527064
0.9994926581716841
1.0389000109046886
0.8728427484536626
0.9035951016814845
1.007816432767613
0.8724563304026416
1.0713861911160172
0.9636292852413882
0.9855995292116881
0.8793295910403987
0.9705921141964615
1.0330826055472064
0.9047373673718446
0.8842075057090468
0.9146507925288693
0.8500125195570053
0.8327885342251723
0.9854102525741432
0.9021388744093051
0.9058638617491267
0.8667537858531733
1.0970621678479917
0.9643071620327652
0.8683489847714734
0.8915963590524758
1.109334347734026
0.9338397471008787
0.8675835466688606
0.8299463330560429
0.8294108094303472
0.8257342470679313
0.8618946424715078
0.8759772667459621
0.7898471740780363
1.0064186989122135
0.8490876282096669
0.8187511857527836
0.8321284790327594
0.7965046053479432
0.8268704860453393
0.8808652458676867
0.8070526533066087
0.7819182012870813
0.8263243201431955
0.836585638629403
1.0831882046286467
0.8391529260926945
0.8297682210897944
0.7726802218491864
0.8598292050467935
0.758046277958876
0.8862955881531831
0.8014616715680262
0.8960717179972655
0.7923882571375294
0.819979058898938
0.9781834604633841
0.8087247818898243
0.7761595156162407
0.8221018887629175
