2.3023022026013416
2.300346444366844
2.297538099774889
2.2915044134589517
2.2749501626203013
2.2254606128498247
2.1134870325683788
2.095623103676328
2.0819031015323226
2.0620295507892683
2.074127295973954
2.0398597405974273
2.0251228968808603
2.0090795421296623
2.0344516881711923
2.0130783494111077
1.9983494372884179
2.0015491482558523
1.989306115041113
1.9757896418784076
1.9948942547391175
1.9794806887389749
1.959830618967676
1.9365321785021739
1.936276271085071
1.9162937379946374
1.9114521233139523
1.898962060357355
1.8743272533841953
1.8743935542501462
1.8591074579080957
1.8651768341185941
1.8438303455425675
1.8363200183127337
1.8258487092461555
1.8200877100039439
1.8151546481308665
1.8068680436747848
1.7987651209922353
1.7887215857293195
1.7863721536223296
1.8006932082449554
1.7808629107323422
1.7723442156603382
1.7672782642826153
1.7671232253882536
1.7511353819233597
1.7560903213586017
1.7772051156706112
1.7580329377180453
1.7492824420807467
1.7520757123922845
1.7441441185155493
1.7254620874003999
1.7085791461786646
1.7135700670776852
1.6787950521821429
1.6895566677591602
1.6698174142533806
1.6892327214502225
1.656369207770961
1.6505346396926102
1.639466849102336
1.643549019364035
1.6402048586280482
1.6520633970855907
1.6392380788827399
1.639531922188534
1.6347946384150511
1.6441394553822317
1.6352753214016083
1.616690581011924
1.6061623665937192
1.6146938390792556
1.6156483865847253
1.6205565359941714
1.6081726771251412
1.6074777218946226
1.610579855882438
1.61908172118436
1.5734658461467477
1.5958462725779055
1.6031342289250368
1.588315533984239
1.6003837403218457
1.5895099928424616
1.5903140048312534
1.5790699507780135
1.5982661361147643
1.5802015506537856
1.5764443714907215
1.573466920548943
1.5651997958019281
1.5694666106230135
1.5805077765397966
1.5708098525454284
1.5784692399820703
1.585443077573351
1.5949236298822294
1.5840688473100115
