2.6879208513126254
1.8325022679225655
1.5904390713211838
1.688083988845728
1.4734951014731341
1.5403882067674284
1.2996398149781925
1.3568931582627024
1.2974933921151859
1.2267713922603873
1.1872956809724213
1.2206040457555443
1.1735350375722169
1.1664387826706952
1.1631256505182594
1.15418448911351
1.1560675680257713
1.1459299003242687
1.109621948876958
1.1163492889920617
1.115590493010867
1.110159461285658
1.1235343282389794
1.059476803442475
1.09687039313043
1.1469322461990794
1.1074026986292214
1.174923359588453
1.165119450183431
1.1431092331363897
1.0843467978155537
1.0833824314888876
1.1214893179334653
1.094291187775363
1.144459210004017
1.072858769802531
1.1030774826456786
1.1043701168078526
1.1251951900257426
1.1504339127783563
1.186872232491803
1.1846896227757642
1.12847162583831
1.1148842675670696
1.1459014487873977
1.1787278485146298
1.190892395320212
1.1666758967812654
1.231949505532623
1.2163348964824798
1.2146074771881104
1.184250898801597
1.2176734676026995
1.2357428328246827
1.1568562320083569
1.1760430897876715
1.2040194409668066
1.1994212945555425
1.2205769096969799
1.2253588157094968
1.243869962965607
1.2392308332358197
1.2488491516204396
1.2525347148536876
1.2396745772878075
1.2516824709382026
1.2666020488283436
1.2749526265320505
1.2853173590769433
1.2559964451820227
1.250491043184973
1.1988400714412617
1.1887179620706352
1.211297033319048
1.2118848744471362
1.2160772768555173
1.237093713253167
1.2514559045718734
1.25418529958482
1.2587423510612197
1.2637421876002268
1.2844430185427331
1.2745315326247246
1.2848000048072474
1.27686653433332
1.2851547071128895
1.2856249915566413
1.294718842597524
1.2920874877340476
1.3025871386193926
1.3009421851984255
1.312962948896323
1.3157875237950853
1.2786126634117905
1.2693229137332576
1.274346418441481
1.278246925135327
1.2730890668121873
1.2725250424852796
1.284146794088327
