2.302048499417153
2.2988535310052765
2.292711704399935
2.2745768036811973
2.193643803809099
2.0574890580146934
2.032725391873888
2.00340759298604
1.9763634743963836
1.952457637543891
1.9266551292625962
1.8994504980220916
1.8748309118732525
1.8516547429333827
1.829675054094594
1.8026992371127863
1.7753427939809812
1.7436450803355805
1.7077148552912815
1.6696496176871525
1.6445430904437022
1.6150819663029568
1.5920401188977964
1.572114521530783
1.5571212593916874
1.538645395048105
1.517900551959967
1.5106341406038613
1.4964715690369819
1.481296115620121
1.4711780661989928
1.4590951561168501
1.4473523888618323
1.4396529562154394
1.4327688308278466
1.4211893210745161
1.4113237584472462
1.4029393552974532
1.3980399802991539
1.3901881480672558
1.378980593316874
1.372559189037153
1.3646717215799222
1.3571592857883235
1.3495375358375015
1.34144242098377
1.3371980782527073
1.3290381310092416
1.3243365591498697
1.3159032118548253
1.3103161746529257
1.3067275187012497
1.3025596658135676
1.2921596818668828
1.2859527738231002
1.284179818858007
1.2808831660610855
1.2741670471847437
1.2699141490990948
1.2691235265154748
1.2623575174125137
1.260624457696441
1.2529131489194882
1.2504319704262314
1.2469226607851163
1.2420372416259378
1.24283882652878
1.2372298597530196
1.2333474307303216
1.2278959929563438
1.22661102805168
1.2230179313641445
1.2213107966313697
1.2189563231863034
1.2156150694106036
1.212615875301847
1.2087491967116193
1.2070681467937057
1.20557845587943
1.204657860242637
1.1977025991792132
1.1971302924642138
1.1906290612402994
1.1899931726941637
1.1873383878902266
1.1845916331194009
1.1827281793211675
1.179902370947941
1.1793345395167163
1.1729821638696512
1.1714205817811807
1.169394056888143
1.1685789223689182
1.162717163942422
1.1643800572225242
1.1609849345152545
1.158037641245848
1.154832668365187
1.1516203379175465
1.1527628944178296
