2.432480283603547
2.2462887521002703
2.6566504232443062
2.2831314111211496
1.884290267707436
1.6068545640653866
1.77381853616921
2.06395233816402
2.026070704885349
1.937802819689368
1.7790715018655086
2.1970648902237038
1.4046864205864584
3.6876619712562317
1.7106262073395357
1.5719976485914486
1.9481623863718311
2.352433536462723
1.4069826473855669
1.396718814874151
1.109165552695086
1.483315794331253
1.4142428158195155
1.7925957555224181
1.3924853110768993
1.1744124152857787
0.9965131465037158
1.219783826998085
0.9050032390151054
1.4589530343462707
2.431697130962542
0.9001494687833603
0.850966102758031
1.15527673967325
1.1560494998458084
0.9349005218524082
0.9779221369962025
1.0199792438251958
0.9484376884569787
0.9641160896629285
1.3465234185480008
1.0497946321584617
0.9633324165253123
0.9404085229156883
0.8463394228060535
0.8058142908819163
1.029089748479758
0.8176204679877894
0.9863326044598962
0.8333346877887751
0.9778604051869386
0.8312281653000291
0.8346159110783012
0.798777502813157
0.9246090760656224
0.7595279972264721
0.7869830625072406
0.7742921299995131
0.8107185251773543
0.7763711884143246
0.7758880318350093
1.0576656278531262
0.8003406031116559
0.7445847735663128
0.8584843687950425
0.7917990492787331
0.8094103841265295
0.7491930928199914
0.7554714787917532
0.8078103198367319
0.762536833050904
0.8746102330790964
0.8455655449514936
0.7598015219922278
0.8427281349327913
0.7393720110130918
0.7764635919385655
0.7376065624367659
0.7526780393472903
0.7476660054960068
0.7665479503999091
0.7518596292301348
0.7546156291749068
0.7132750214285152
0.7451089945188754
0.7421333463328659
0.7194597442059001
0.7224488326698352
0.7445417502123839
0.7263461169163892
0.7351863560782876
0.7175805056171053
0.7120123082285474
0.7894161203104979
0.7399767223437121
0.7230155597067183
0.7334216897654685
0.7813415853840531
0.7751853414781534
0.7594287482796201
