2.6861836530600383
1.925812929299227
1.5882392301680937
1.4257041170338915
1.4796582779307275
1.2958742030866586
1.245648511655771
1.21331394819697
1.17150178608621
1.10805672445115
1.065192425706584
1.0434826175878003
1.0263031823619915
0.9891291837783376
0.9572023608881957
0.9772519268048038
0.9305679407089379
0.9586550342808863
0.9037907474739536
0.88609179854393
0.8809099554256269
0.8658499040041759
0.8572989341559684
0.8760766115537875
0.8465848289857245
0.8560198961169856
0.8242743265856604
0.8115075566586415
0.819916705227202
0.8110956308568359
0.8066475066789396
0.7877356343588252
0.7862278409064956
0.7782469792350842
0.7684279505614262
0.7837651762992713
0.7642374885310034
0.7585246094093201
0.7740061510900024
0.7520335415366349
0.7378089571264899
0.7576126839704574
0.7328494832773876
0.7429633068430955
0.7431912972668934
0.7292707678239057
0.7181440694316937
0.7259291995103192
0.7139671114599628
0.7132904094875239
0.7078847890826547
0.7065447374324131
0.6961621288091514
0.7061706390350487
0.7017992179674707
0.7041343899479338
0.6794012441376972
0.7141386540072738
0.6814370600471071
0.7014355110894342
0.688893203522749
0.6817474104226775
0.6933794352848819
0.6852094065042058
0.6979495872547672
0.6918715796652873
0.68244109933923
0.674493494117336
0.689463379846257
0.6817684832272256
0.6893090716782649
0.6769268403577197
0.6757788395236253
0.6759122420268454
0.6688559882010624
0.6645948184523612
0.6605208403175804
0.6585348370918043
0.6740441619400765
0.6535875531043976
0.6520755469419395
0.6573818206407462
0.6725707150948276
0.6575324446152729
0.6476809540941457
0.6483068858172484
0.6598225443795988
0.6710404941610469
0.6789233547866724
0.6670748543967108
0.6523596513423191
0.6507404368774147
0.6763194749119935
0.6632361564856426
0.6687389892187847
0.6576761383159905
0.660563496647367
0.6649760139785754
0.664959326196628
0.6693791856241834
