2.298769984275672
2.2918600899398704
2.2721944523465103
2.1679263707179173
2.059827680800371
2.023516457551604
1.9948037095889923
1.965906951837479
1.9277283818858444
1.8745306449331296
1.8303551666296212
1.7843054601341297
1.7422082257118954
1.6976934511950061
1.6591140624064549
1.6238608899389861
1.5968270225889365
1.5716107248500655
1.5426223065443099
1.5277949260298613
1.5092449066745248
1.4881757588902855
1.4755083497162838
1.455940346049655
1.4414695782266604
1.4221680809737771
1.4078606686015038
1.3925303463723249
1.3782850746895856
1.363317814602214
1.349234549862564
1.3364929871953977
1.320124495560956
1.312943555746868
1.2976192106866533
1.2838531656629721
1.2732484932917698
1.2592638837304084
1.2488554093488462
1.2370753759031843
1.225259884147887
1.2167649060297923
1.2082997317526751
1.1958105814684727
1.1865290046497514
1.1802294793402313
1.169003510551088
1.1599704877586121
1.1511796712875366
1.13973398231397
1.1324953512780984
1.1235713768916524
1.117097092661888
1.1079570237238696
1.1041728668152146
1.1019953777835627
1.088721518303938
1.0802737064422316
1.075563613016894
1.0678288500020459
1.058691016048383
1.0521648996954511
1.0501000497751176
1.03975651218633
1.0359521090604698
1.0286443100613394
1.0243847328386488
1.0180792030255505
1.01390264216502
1.0083277654495968
1.006615808814954
0.9986380004579094
0.9900832992450447
0.9855831151555299
0.983408564974548
0.9783259956700028
0.9727012959255534
0.9663104817366145
0.9623821670082724
0.9562468407260385
0.9535386304187167
0.9466917898244919
0.9456823266995181
0.9395969631565604
0.9317318573119534
0.931283384371715
0.9276856290307015
0.9211815561458563
0.9194626675289908
0.9162697355458691
0.9108540408170906
0.9091866426407151
0.9072601119424127
0.9022891020319265
0.8978248716919286
0.8919329453425803
0.8908625529829863
0.8899379558623977
0.8828636726756005
0.8837651614170925
