2.303199107479897
2.3019890511871144
2.3012791317739305
2.3003004614714606
2.299166642936172
2.297537322256975
2.2945636153980424
2.289426007847877
2.2787654597288483
2.2535586827879497
2.2074793189953845
2.1540265052941194
2.1236885049540524
2.119317533104283
2.1106224773795743
2.105224459034622
2.0944870702779976
2.090762654687189
2.069640584052748
2.067460823210941
2.0611391226956797
2.065218630869677
2.0769972945474517
2.052838626181244
2.0446685825943187
2.033250094219378
2.0366655755194887
2.0293366605309164
2.0314854512548752
2.0151231372432346
2.00730672383764
1.998716683144782
1.9860380310921153
1.9882576389677207
1.975236847142505
1.960306195696448
1.9470712903198923
1.953025408611176
1.9519388250484588
1.9490050533015257
1.9328411141778254
1.93187902763391
1.9301085464513985
1.9242930814718744
1.9260659756933807
1.9205397086538327
1.9141553427763045
1.9088369531995932
1.907696992728361
1.902591703044381
1.8949642052316362
1.8936295008203785
1.8939561274400942
1.886521924832824
1.8844151041310304
1.878136930192352
1.8703814008433348
1.8716872436985088
1.8681786045147355
1.8660202087110775
1.86176701184291
1.8565591064987668
1.8522342276421322
1.84923620816249
1.844259379016366
1.8379275297663014
1.832244713594959
1.831635828230791
1.8284853385512236
1.8282765195627881
1.8184022599724448
1.8154593835211104
1.8087795912080509
1.8065158591908255
1.8020164063022395
1.7993967062348772
1.7928720803777123
1.7834055256691708
1.7872119116935001
1.7847852015950878
1.7761903287498815
1.7731358731628224
1.7699642371220194
1.765428442104607
1.7629844891797206
1.757539101467011
1.7492063637751682
1.7498372367992523
1.745798725231438
1.7369817358672999
1.7353625654414961
1.735210057276829
1.7334344812259552
1.7180324762490145
1.7175346810346956
1.7170556464772315
1.7124667896586618
1.7066765492129479
1.7083850180267528
1.7081633586033134
