2.299094746826561
2.292153047148589
2.2699890334135406
2.1530737945228626
2.049959894198521
2.0279190061957975
2.003950932223326
1.9683360309357856
1.9219164795176997
1.8889272159831538
1.8331423489151486
1.8098232093130706
1.7531560279761151
1.6918860651125573
1.6617549057978733
1.621876335447761
1.5968804974464854
1.5701330892599312
1.5476963535235946
1.534165087019562
1.5028944630531749
1.4821926499627958
1.4758658720429536
1.4736738296071434
1.4449639449453657
1.418833420534802
1.4215055947091169
1.4063771279754154
1.3804824572459908
1.3684489757392058
1.3525760591409768
1.332233752414679
1.3166567527564468
1.3138640503974477
1.2978904968614031
1.3044818275293726
1.2637073036971365
1.2643533721091642
1.2608563869622103
1.2550604054882268
1.2321131339498386
1.2240957678503293
1.2063102866433988
1.2101851781462407
1.210431772812157
1.2075460667063476
1.1834476320606888
1.191351456626965
1.1987289410487862
1.1648464886246213
1.170585185858854
1.1608035146810447
1.1551543660224624
1.1666117078939062
1.1324081219685305
1.137600508465129
1.1422550951599315
1.1248993706551327
1.1367125849055637
1.1361848825861693
1.120841025926505
1.1258787159707135
1.1126355969222488
1.1229404442629236
1.1193361855616235
1.1094115008214476
1.1049553406466344
1.1134784703801393
1.1184988678640622
1.0917652621390714
1.100190311860127
1.100520677627272
1.0963835283449501
1.0991045418818286
1.094549638070878
1.09189777313524
1.1101465365689271
1.1088301763413058
1.1086061900588358
1.106028334350343
1.1057193017309639
1.118060354214565
1.1304051192702762
1.1154906962327897
1.1027985632799233
1.119824721934689
1.1206602093520437
1.1233977869058112
1.130742118237125
1.121762921096413
1.1154592948354733
1.1201457248371878
1.1406933893064024
1.1065578665702966
1.1423047370971389
1.1300920031632586
1.134244877821321
1.13263371605782
1.1282444998716852
1.1387778490212312
