2.3189619210115664
2.184855518827013
2.0032482777431513
1.9289072797556592
1.7550107483651227
1.8139939429653678
1.7444989119365717
1.6520523751617238
1.549491047859192
1.522050550029536
1.4954309137004196
1.528593781647409
1.5410124579812312
1.5519927238962452
1.5127132629892628
1.38433353080871
1.411539728474465
1.3841837356044988
1.3556576701486187
1.329278929218365
1.3475204630262534
1.4152242780491044
1.2707222703915493
1.2806917189792464
1.2734246906960847
1.2573409425984523
1.2888763467217708
1.202648136646125
1.2833743520603058
1.281193793958919
1.196424817963011
1.2655916407609442
1.2451382184484203
1.2215498757969803
1.2186730253468654
1.1573902042048752
1.1791818889842671
1.1525088210774075
1.1476242834595358
1.1906793686994321
1.1971511389039884
1.1590427209617227
1.1569190845368014
1.207220857310447
1.188251515102994
1.1685129050995893
1.1611677115889871
1.164540496981068
1.1166460662131097
1.2036728471707387
1.1519798545321083
1.153802905492722
1.1451644198909687
1.1240093958605626
1.0862735031516688
1.150315108952249
1.1377202989948783
1.2315711804256317
1.1932106333173764
1.3694638078379784
1.1718692768151593
1.164470791437064
1.12975147992942
1.130437581402481
1.1475994290819593
1.181789947922822
1.0927978370599687
1.149912431361569
1.1529029831764803
1.0829399957019052
1.1282369539995862
1.1767634468473447
1.1249342230474872
1.1542108897950238
1.182890881398681
1.1930710365817805
1.1461429565575472
1.1335516150589962
1.1571567555901352
1.2140422357115777
1.264562252980129
1.1619524268587684
1.1631590966965741
1.1375967681787575
1.1671432689496666
1.1786546802065174
1.2174325938437396
1.134250460916264
1.1634828319215471
1.198792968206345
1.2088758425348123
1.206917213026885
1.1004637206435963
1.1717912630670388
1.2038626279800562
1.1907235964847978
1.1239581100500313
1.297502043520569
1.1928026983692388
1.133071156823711
