2.299027986587233
2.2921519370595362
2.2736021743458545
2.179082006405873
2.0608586961296713
2.025829369854775
1.9965926203758093
1.959856493457867
1.9228548206341494
1.8702371044523398
1.8195475909360654
1.7702476644212273
1.7329151926526598
1.6893058757113804
1.6514624759649774
1.6088263965716028
1.5803050911350616
1.5557302669355064
1.5289754252524892
1.5069228479057362
1.5006288874680829
1.4664865215872502
1.4607516716999613
1.4380843381213535
1.4204603274157093
1.3997839674068864
1.3861460905925485
1.3624069918492796
1.3545342873615824
1.3290244006806877
1.3200686995390873
1.3078084682962696
1.289667122682948
1.280220866203308
1.2625419311462693
1.252898411386332
1.2385338962457741
1.2236265646424263
1.2140706359960471
1.2050024289993724
1.1883965882526082
1.1769249044406187
1.1698566314521108
1.1573102637461037
1.1462658317225753
1.1422335349830093
1.1272714961865904
1.1209779108405873
1.117794222133175
1.1022280800114772
1.0956278716682628
1.0823046868773782
1.0807368417454373
1.0728639330074285
1.0661891034454296
1.0633750068154304
1.0464334594216316
1.045103179041747
1.0335005472420127
1.0362626223047828
1.0227507622378647
1.0147094973333322
1.011961353812248
1.013239418245425
1.002407590295099
0.99967121622365
0.9916327998137019
0.9891434319459709
0.9817136936127
0.9814713160703137
0.978030193763174
0.9639669292292018
0.9624830898205945
0.9590177866303997
0.9537809992292124
0.9510687692150189
0.9442113125400179
0.9368373614967249
0.9374397693166308
0.9339424709605563
0.9228944588618674
0.9205274004845103
0.9191357497197048
0.9163288375374617
0.9111641246801728
0.9111739385659527
0.9068926356400654
0.9054285925664719
0.9027886994325431
0.8982584981402014
0.8940366153504439
0.8910407006360923
0.8916762805288765
0.889977917170069
0.8796894117525429
0.8825730480206241
0.8829613525396699
0.8803072659073362
0.8709509357525285
0.87146178780088
