2.3034763700643164
2.3046240669906517
2.1746790576132997
2.1099340672705584
2.1085540625699766
2.0388345141319713
2.0409257427142684
2.03737852983414
2.060154943709161
1.9636580025314525
1.8761802904165474
1.8883950269905625
1.828287293956538
1.9140984829823682
1.797335345274324
1.790580012236431
1.8113334550979032
1.7968891669230855
1.7773523004191696
1.7422724286462092
1.7480201045419002
1.7097935813247778
1.7225570162390447
1.6403511830955555
1.65192634133017
1.6829681578715137
1.6250954919559941
1.7092066699532187
1.5747472047805786
1.579946625764203
1.6502523445020056
1.676256888231654
1.5640736795534753
1.6482101511803402
1.5086285225145377
1.542207875828834
1.519670380148918
1.5700855984049997
1.3345062322677321
1.4211661185428595
1.334447421845357
1.4150394163313944
1.4495965242385864
1.3483170513894147
1.4260049974842437
1.3202252873949185
1.3355346530865713
1.291564135794427
1.2646689058109453
1.339386455572335
1.3173294424251387
1.2625173231598679
1.279415746403348
1.3329932621330212
1.3368896883764085
1.259860358420451
1.2798731866156219
1.2305376210789771
1.2651615097264575
1.298467343020591
1.2656267592861394
1.2894395893546426
1.2866367792627613
1.3211637386091195
1.2906173535972645
1.2787617672780516
1.2983897856086681
1.2507857167796723
1.2017266700981528
1.2306557719115239
1.2795161631456606
1.2707288067811613
1.2608988061072721
1.221983654483868
1.2269299812377639
1.2418557082771495
1.2626709186347427
1.2379174756396347
1.2477866350465519
1.1991225689839407
1.207271792326763
1.1935347056692573
1.2221500903937468
1.1736583140245669
1.2252470319438133
1.1804805777634784
1.232452312852167
1.187035266001513
1.2199460002267437
1.2088057303884228
1.2096798537643092
1.2036498401575029
1.1889888978308174
1.171277881427935
1.190167919845338
1.1876393306027553
1.1590612842019197
1.1767313267774642
1.1522687297717782
1.1754444271895537
