2.300002977346918
2.29582067963424
2.285832020887144
2.2537874461738925
2.1265649195689305
2.065964623621315
2.0405854806778536
2.0325564259936097
1.999254560774299
1.9957281518134342
1.9723090282671012
1.943065015373716
1.9079318312323017
1.8662853392825764
1.8357781073090378
1.805747061778026
1.7762300626487488
1.7513225686018634
1.7230429991035705
1.7010009114150029
1.6875432972695417
1.663981228877025
1.6426824733709833
1.6351436748626127
1.6294885873794556
1.6115039161815765
1.600927608028339
1.5853759597061545
1.5791963726092295
1.544448343811521
1.5224055689611253
1.5164212899602902
1.5090861290123812
1.50372522879558
1.5074477347598714
1.498976947395665
1.4836833067001052
1.4768374277527925
1.4749124832214064
1.4756343645654666
1.4569773195655482
1.4451192184618324
1.4367450695888253
1.4179005820280428
1.436265146656401
1.4151341725306905
1.4207017740626244
1.418074847026995
1.4021877111143368
1.388341539984296
1.3936095526263972
1.3815910778227884
1.3832078040785092
1.3686967351634032
1.365253088580575
1.3579038996605357
1.3534678425758508
1.34360675751024
1.3397570954766242
1.3403973647743275
1.3253006578251054
1.3316869173839594
1.3263784753289192
1.3166467573992007
1.317053161608945
1.3076624095819558
1.3010827728137848
1.3089368517991085
1.3031040270617054
1.294718144805568
1.3010512347433978
1.2835458532260482
1.2900959686109215
1.2877391667882347
1.2864146399649845
1.2709356842526964
1.270722199397482
1.2748615141886814
1.2778119653653188
1.2563514007124932
1.2613647048640404
1.2764001241914786
1.2535346332629016
1.254064864034106
1.2573684438778336
1.2431001340507701
1.2350046277805498
1.235443869214149
1.2427942764227558
1.2282665835064688
1.2241703526229615
1.2238102308504142
1.2302311499407337
1.222776130885835
1.233235045223479
1.2335585526600006
1.2065447375273248
1.215936054849321
1.2106960419636623
1.2193670811926483
