2.3198573467837775
1.9882407021370663
1.7959757200471915
1.7665130955398463
1.642641474486916
1.6156174840441175
1.54671807957303
1.494376506775048
1.4083796549754537
1.5749166596467328
1.4302381360606782
1.3454112315633495
1.3544073104858398
1.2920734525486162
1.2789300201804774
1.245868191597568
1.255777607298201
1.2345964027817842
1.2895224071612024
1.2433842785039526
1.3042722196336005
1.2140702726734671
1.167715580220435
1.1391270627641374
1.208071054167049
1.3006876953847848
1.2215739154511955
1.2579843701830336
1.1752902986897025
1.1804570802457772
1.2156865999197504
1.200929312948968
1.1945787588502192
1.093307794659001
1.0793481700739282
1.244187336059133
1.1655780912204912
1.1075859358356257
1.2189328393359093
1.1352415388556802
1.174767256542376
1.1469646521434662
1.347910705645373
1.2047153707522495
1.2269416470436534
1.1773288196818843
1.1261797395481425
1.1278148103671468
1.1298795482914918
1.1651982509406509
1.1853219927496212
1.137820125765102
1.149532415684621
1.2856725272099683
1.2260127003025856
1.2259211433920891
1.155695856376818
1.1719483930593844
1.145657371943164
1.2101658723156923
1.286936823729497
1.2614230874237742
1.1353114296676248
1.3093521302672708
1.371035996895687
1.3451288790459845
1.4079050478661896
1.2080631320643578
1.3746754367640064
1.2224541765869044
1.2302666986064545
1.5165374096791455
1.3564472084592103
1.479451622173285
1.2640014499615713
1.1653962313749229
1.292337804463259
1.3401511190043893
1.3199383711359303
1.3186644888987207
1.4300956984234463
1.3162059411881075
1.430458606808049
1.4420512751409202
1.2861217100908802
1.5037639186640455
1.3683871296560688
1.702321256042286
1.475579737478001
1.2836703380961327
1.5297540798308744
1.4201306537458092
1.6129103716771314
1.4089896120842855
1.4731034363151356
1.6458217831933575
1.3698252910261701
1.6034269682161368
1.4949196394841382
1.409052806295407
