2.298787732033213
2.2915663536946487
2.2717373340752474
2.1654052324355786
2.0594729731796653
2.02540135079888
1.995601796040869
1.9650219048664068
1.9225246405145924
1.8754772152870325
1.8232690756488
1.7751155810750974
1.72844686174089
1.6873792546569921
1.6453170882668464
1.6118592631285358
1.5886075041096681
1.5574702077610478
1.5345583098709203
1.508472451738491
1.490785841729231
1.4730148421730964
1.4470270515247514
1.430967814603429
1.4147836501431312
1.3953740573992395
1.3783938915106901
1.364845660841389
1.3517143817464257
1.3377244525654302
1.3172707496934635
1.3041445176312878
1.289991958126141
1.2786210927234334
1.26069047344718
1.2604452584199846
1.235962907220148
1.2195338872587604
1.215015647897295
1.2011205702070977
1.1944247556340164
1.1830927376534528
1.1700066028127245
1.156519739491165
1.149194825606741
1.1405095943979398
1.1302206353017479
1.119697653184271
1.1083262384317483
1.1010684181170858
1.0960906914844635
1.0865334466004828
1.0760513426391942
1.0695248686583938
1.0646008230318689
1.0540668656871577
1.0483802222901848
1.0368391214662296
1.0326178817991998
1.0220949854820398
1.0196438856944916
1.0110825266048407
1.007395376825029
0.9980556387810191
0.9910465634552537
0.9846613634923461
0.9789981606659616
0.9778519443645599
0.9703959059563412
0.9675385230665754
0.9544936688082992
0.9556220075127425
0.9457686232153777
0.942486485478225
0.9399682192286108
0.9331421430703182
0.9307730482642058
0.9249712403412838
0.9211727380752563
0.9123421356936169
0.9100716167194828
0.9052173783824702
0.8976802480448584
0.8980971354587822
0.8932138263799583
0.889307343276443
0.8880359667121984
0.8783915304833916
0.8772715599673568
0.8724201325398342
0.868292545057406
0.867403622265834
0.8649835279033442
0.8575865147979396
0.8584183503867714
0.8537423079180869
0.8461221437545339
0.8435402601767498
0.8445254619334154
0.8393730568658014
