2.2995844206232934
2.2941792072004574
2.2793466695554696
2.2157177575834237
2.079586581819376
2.046426838370645
2.0201926694554126
2.000288973947999
1.9622641482930274
1.9370377587664658
1.8930825564512022
1.8598221996027953
1.8232139804560668
1.7713666060927566
1.74318324456549
1.7064646945637503
1.6714551836062388
1.6452769177734472
1.6236083363271823
1.6196783720308048
1.5845209959965603
1.5654907439165056
1.5649295521389908
1.5554472170058329
1.5372426980619978
1.5169987655748987
1.5126172979925847
1.5020938565017312
1.4783104642940934
1.4559244570458771
1.4416242898649472
1.428672606777993
1.4298976781261954
1.4200963009694578
1.416339452858943
1.4074870856704227
1.3797168595016382
1.3756052164515113
1.3793350852978457
1.3699741674836274
1.3441981684630084
1.3372260620639582
1.3218727825553553
1.3092731852440318
1.3147850924996054
1.3135168970010842
1.2978702586167936
1.3032545162613984
1.306224189746152
1.2647302135540421
1.2718859022590006
1.2583784555933277
1.2580085134809944
1.242750009533706
1.248930414770819
1.2396434773305418
1.2357910863912789
1.2233846996240556
1.2149489180297608
1.2127276116116033
1.2044435766092532
1.211434201450105
1.2005860687820775
1.1992616330742076
1.2074513777046447
1.1898285693423762
1.1787093369064816
1.18031661146006
1.1800809434265087
1.1677510051210975
1.1645409187693505
1.1594087295471482
1.158424678881457
1.157146310730345
1.151635613031448
1.1518068119978448
1.1449120674922968
1.151329244777655
1.1458942077721759
1.1358672513323984
1.145134590233967
1.144097567363909
1.1322064190913157
1.1220099827286545
1.1179330329986135
1.117490349681514
1.1036093121121644
1.1171346477642181
1.1134380739965257
1.0969584701926844
1.100937700954972
1.09370379007546
1.1050217364244401
1.105430592397216
1.0946694642874846
1.0969155351067805
1.0828483799460586
1.0863211762373615
1.1034519140887413
1.098063894517862
