2.30345625786265
2.3034791369347056
2.229134216430081
2.188585240370149
2.162287557201021
2.111425018614265
2.0728514247639165
2.0673348470857946
1.9458879763913002
1.9478162845988183
1.969574377035639
1.9379253918957557
1.843345683091765
1.8686558403027285
1.8070093013678388
2.125326480075812
1.907174680643021
1.9124812123122488
1.823558310034928
1.8673553322530856
1.7134346362132176
1.8005658699448701
1.6694880108924428
1.622504191793454
1.6921497112626482
1.62371552142368
1.7510545344869042
1.6143999942548715
1.6422178843978104
1.6651683385205116
1.8431298201251183
1.8468991836924462
1.6562945546617933
1.595496022017898
1.5883280524782315
1.614623804001292
1.4664101517124541
1.4651225456006967
1.4996570242438347
1.4617407116920325
1.4404841213469293
1.4932081304538023
1.4432800256522598
1.4469995840339904
1.4642497339066427
1.4796772967478273
1.4663036985761801
1.6082773375663029
1.6727231976332937
1.7236226364305824
1.6528726413751105
1.6672372757249576
1.720632458948026
1.7260719484584346
1.6925136131845462
1.888020626298941
1.9161068421260568
1.7699066074031173
1.9344614045635151
1.9599993935056552
1.9606712304862441
1.7563695133112038
1.7443535487363293
1.8868673014792667
1.9497036835190598
1.8600279480029063
1.882375342071436
1.8444638525604442
1.7940646979459531
1.8673511401862855
1.7954200969380179
1.7144021593081724
1.8673228344340234
1.827274433366812
1.7989550555587575
1.7092111596635953
1.7845375963077423
1.7730646482698478
1.7920620578109838
1.76438094628085
1.7677307622447895
1.829494108819658
1.8643099509986343
1.8448638308579755
1.870424392117057
1.887469599201421
1.8747467037978445
1.8520635951096844
1.8677442377539957
1.867151244430785
1.9367051215688134
1.8966261679959144
1.9392562990735291
1.9054700022290467
1.9740555810320908
2.021012525649587
2.1445380388551456
2.0850844945117926
2.0891900237198846
2.084121089072744
