2.3098466138171543
2.3208013689442044
2.274165587820065
2.065246109749861
1.8420208510319898
1.6845264093131775
1.6221889720600882
1.5981803859115407
1.5571095267678523
1.5205882537137172
1.482216074208545
1.4633176676027335
1.4593799501467661
1.445658661757305
1.4316767385810802
1.4660606710774124
1.4201474918681345
1.4066139687398436
1.43161097453658
1.4071050054708105
1.4001991923447628
1.4068949754071083
1.4049607409033806
1.400021668452366
1.4142411385372187
1.4095427063620014
1.4149300353542256
1.4266254575389206
1.4201488191155112
1.431764114434552
1.4015738569247496
1.4450338911858334
1.441996585791278
1.4267123652871248
1.434541337049691
1.4279156501885433
1.4479603657297269
1.4210132865389442
1.458528367577085
1.4729862251099508
1.4373074428291077
1.4628798764222746
1.3924936037154714
1.4350719968224788
1.4715012285360105
1.4882757899108205
1.4709577985629914
1.473334723976767
1.5087893753294732
1.5094400541797566
1.4772657528045072
1.5365523897158873
1.5240667238356962
1.5270634995903938
1.5046675949339654
1.5230609482261026
1.5413813613782263
1.5464388830646587
1.5600177482434898
1.578563469230749
1.5808689298143812
1.576491379434136
1.6161235046994156
1.621711723364083
1.6295969159739792
1.6072391825876418
1.6205745517827903
1.6400967395989
1.653208551892809
1.592016611129615
1.636180221654807
1.533682941631147
1.5999865919161753
1.6486009480846915
1.6744354993674406
1.6967075098851683
1.7003411570931697
1.7182828651112356
1.739469608683495
1.7537327572038979
1.7625027295130833
1.7825131446692595
1.7898950113612375
1.8046266364443833
1.7867709671615795
1.7958468327856367
1.8080986145954983
1.8213200736197697
1.8297041123080406
1.787354522449955
1.8130616147047396
1.82770906664004
1.839403172966781
1.7094829750668472
1.7767089180126312
1.8119279146194458
1.8406623632285246
1.8363100009359372
1.8247723829974034
1.8022741018586856
