2.299009341343193
2.2921597623521355
2.271864052790745
2.163900923577084
2.064988563774498
2.0261009172269495
2.0056059208645185
1.9843329327880956
1.940427289646902
1.886679787544688
1.837537150474111
1.821788159904966
1.741211776520796
1.7195874885389
1.6715375997458295
1.6487168977215032
1.600045671128923
1.5931106213551418
1.5541671727113664
1.5305017111407724
1.5064470464256918
1.4888678713209311
1.4585031263387886
1.4493586371658713
1.4421740132532301
1.4186388360466926
1.4063660529009097
1.3804650435781782
1.3701104214236994
1.3636082995469403
1.3377626549666095
1.3202452522933863
1.297946783387737
1.3154572620513334
1.3117040031275171
1.2775231227753268
1.2637679721139798
1.2579840140737546
1.2406772063795928
1.233153291188987
1.2104570975728854
1.200087060594255
1.204881981299941
1.1843052555801004
1.1725642286288511
1.1654677208821485
1.1605894774388357
1.1339970496809406
1.1360551369418004
1.1310059542109252
1.1332104433873655
1.1214532472525434
1.1000285304276047
1.0935842804848008
1.1064498124608568
1.0864607239984403
1.0860818032246486
1.0810992725335868
1.066800231007254
1.0573466146827504
1.077713054836176
1.0523434357278665
1.0510078968515821
1.0488470902868137
1.045809051413445
1.015413165851763
1.0218537036021045
1.0212389261099943
1.0124358158961984
0.9993133226018043
0.9952109509212955
1.0209725852225238
0.9941771022833077
0.9748288886562274
0.9808109983517106
0.9717044321594724
0.9571804639640128
0.9545422063511648
0.9624576002928862
0.9575321921117746
0.9558587400776566
0.9473450035805915
0.9441303701917078
0.9462821012849261
0.9395127471085567
0.9336136985736289
0.9339763484183391
0.9224625647447671
0.9325720929795769
0.9248891590507167
0.9144048535140457
0.9271501393834497
0.9233431352931223
0.9054211404672854
0.9043729384993292
0.9031019803065403
0.8973566772072179
0.8960967534666608
0.8920250800764484
0.8909123885403772
