2.0640866969041762
1.8530001366973683
1.6410187391718483
1.5754258435243254
1.6442805581791387
1.475438272877104
1.4568741891034849
1.336137773125035
1.3261094848821118
1.3360710508504492
1.3014265154577365
1.2056214866364838
1.2255076348401939
1.2535215604836774
1.1715383753655062
1.0967552703656969
1.1496724467368642
1.0893946225476112
1.1321027039722273
1.0629038734800498
1.0524992202497592
1.0427131903399327
1.1504309674736801
1.0318190922403032
1.0542752651651954
1.1189629352016814
1.0433538491558876
1.019111540666811
1.022892207097096
1.0168308368913688
1.010901088927202
1.0282938150083942
0.9830943600387331
1.0061647248495915
1.0097292012469783
1.0577574364698616
1.004546852628137
0.9812783564731573
1.013565272282643
0.9818629679406524
1.0199609209018148
1.0146142320268472
0.9540183777642098
0.9785707927053902
0.9605404381539412
1.0371620131146377
1.003640876454153
1.002810098183383
1.001465630379452
1.0250821098400529
1.0509401366209528
0.9982081727617106
0.9933310661725937
1.0151791303021134
0.9873596401351272
1.0059205906785977
1.0429225169169676
1.012662188642344
0.9967443477955593
1.0077661818759456
1.0093931688624582
1.0028843215316723
1.0052335152200833
1.032045207585499
1.0212995816188253
1.1050520319088248
1.0197044394578143
1.0802306988436705
1.0145185868831197
1.0320611417673196
1.0018120632050143
1.0592430560452164
0.9885269306647549
1.026983720671599
1.0246650703773377
1.092102022687341
1.0781875184387157
1.0969167495988736
1.0353753870459879
1.0967691777997715
1.084948267716511
1.1219377559461412
1.1136718035503557
1.1128073482756402
1.0607375060297122
1.1340434894819929
1.0783236655080395
1.0696871005425788
1.089347846378946
1.0865390027404591
1.0310476965205684
1.1131684567518294
1.0730368145711862
1.0449433516544901
1.0711990072848692
1.124843046164057
1.1155290990878062
1.0893708000517195
1.1215766131118605
1.067899283899623
