2.302034598247261
2.2991456863986457
2.294131291140417
2.280733275565372
2.2243595594053813
2.0746060898349543
2.0453228418994103
2.015726591371427
1.9896595918448867
1.9664000022183559
1.9459205258424115
1.9292210120304374
1.9028990169998947
1.8929296633240524
1.8705719284191253
1.8518124606199324
1.8278676764980244
1.819050486680049
1.7767362382001937
1.760458774627394
1.7206005571754115
1.6878793998888344
1.6710258084497633
1.6775830680397665
1.630941948313622
1.634224838511959
1.5909637774631475
1.597427759960199
1.5837442639527048
1.5716015594020771
1.5504031864700802
1.5449889116226487
1.535150470247694
1.5130832445849278
1.5111696408812407
1.513014226962047
1.49253794873596
1.4894289530006943
1.4718596054490205
1.4573217129251759
1.466937274689887
1.4525043706225742
1.4668600688314741
1.4513966900527857
1.4342841380720686
1.4292474719369488
1.4323654288698913
1.415228434429047
1.4186184337943981
1.4075846262038894
1.3970967424902947
1.4028011940087481
1.399544920131659
1.4000924673809367
1.3906327516410002
1.384439782731852
1.372461996260722
1.3720242954363489
1.3626042672782948
1.3537421659299522
1.3571005421838942
1.3429008881757214
1.3405780374624168
1.3466122704706374
1.335315143226818
1.3373977614056534
1.33662687441346
1.3308642305386293
1.32149249732874
1.3303156263509375
1.3261035620027286
1.3283715096248943
1.3325888503129315
1.3025315665895012
1.3102399091811696
1.2995546042539512
1.3116594180939303
1.3021912684865817
1.2928074560347635
1.300050535399443
1.2886701271792127
1.281312576524771
1.280334404699362
1.2757845304574176
1.2884696008293492
1.2758871620627725
1.2708390985324884
1.2693325360869145
1.2728940252285854
1.2687198455166664
1.2670400328696914
1.2683954838734524
1.2524689826995703
1.2766681658993861
1.2573185802265336
1.2637878215996323
1.2528447531590796
1.260272983153155
1.2535382972401419
1.2475046329437547
