0.5231600000000001
0.520726
0.513812
0.512278
0.516178
0.5046919999999999
0.509288
0.504606
0.5071680000000001
0.503798
0.507838
0.506696
0.508162
0.49939600000000006
0.5069319999999999
0.513212
0.50392
0.5231
0.510184
0.51745
0.522074
0.534726
0.532448
0.529848
0.53008
0.5497540000000001
0.533248
0.5470459999999999
0.541556
0.557134
0.5453859999999999
0.541954
0.5529580000000001
0.549744
0.5666000000000001
0.5609419999999999
0.5628040000000001
0.57649
0.56736
0.57664
0.5754119999999999
0.5743320000000001
0.5832820000000001
0.574642
0.5850759999999999
0.604228
0.590616
0.589954
0.5913579999999999
0.578604
0.578236
0.6033879999999999
0.6010260000000001
0.610542
0.61567
0.6017159999999999
0.629036
0.632584
0.6181779999999999
0.6357239999999998
0.6181019999999999
0.6118700000000001
0.631026
0.6374460000000001
0.6199420000000001
0.644848
0.613464
0.638228
0.651602
0.645812
0.635686
0.641662
0.654934
0.6431
0.656274
0.6532159999999999
0.63035
0.67081
0.658876
0.658568
0.639726
0.661514
0.66362
0.66355
0.6510999999999999
0.640546
0.665806
0.638258
0.659844
0.672212
0.6591880000000001
0.680388
0.7070160000000001
0.6731860000000001
0.66489
0.671502
0.692252
0.6851240000000001
0.6815819999999999
0.685312
