0.500654
0.5044219999999999
0.5071960000000001
0.530224
0.5591119999999999
0.53103
0.543172
0.54923
0.545772
0.55297
0.56488
0.582386
0.557946
0.600394
0.563398
0.5982299999999999
0.59023
0.605104
0.601432
0.609286
0.578356
0.602816
0.600784
0.6243859999999999
0.614088
0.618262
0.6458459999999999
0.5736680000000001
0.641756
0.611126
0.580086
0.630082
0.6063179999999999
0.6304759999999999
0.634208
0.5955860000000001
0.6170760000000001
0.63625
0.6524619999999999
0.653102
0.656424
0.6286799999999999
0.66888
0.662786
0.637546
0.6593060000000001
0.649998
0.660062
0.666872
0.631252
0.688732
0.6844040000000001
0.643234
0.711364
0.620824
0.654692
0.60228
0.671872
0.7049200000000001
0.6604899999999999
0.6638479999999999
0.6814740000000001
0.6813140000000001
0.659084
0.65691
0.675416
0.7007460000000001
0.673
0.6645840000000001
0.6948000000000001
0.63283
0.6748099999999999
0.684006
0.6406379999999999
0.655692
0.69641
0.6282319999999999
0.6579860000000001
0.5956940000000001
0.65759
0.68577
0.675476
0.667872
0.668938
0.655166
0.6779320000000001
0.6910099999999999
0.685756
0.68184
0.667262
0.705342
0.6998679999999999
0.662626
0.671426
0.671622
0.670696
0.6937639999999999
0.702428
0.664146
0.674714
