0.5239560000000001
0.5721860000000001
0.5593480000000001
0.561382
0.527152
0.517246
0.574002
0.556096
0.63714
0.608646
0.5762780000000001
0.625818
0.6284759999999999
0.661598
0.630878
0.6351859999999999
0.6086120000000002
0.6185480000000001
0.685894
0.6671640000000001
0.656784
0.6469159999999999
0.6554059999999999
0.6552740000000001
0.6730860000000001
0.65039
0.6636139999999999
0.6547319999999999
0.603782
0.6675320000000001
0.648522
0.589394
0.6248
0.6545759999999999
0.652576
0.658994
0.670272
0.6818919999999999
0.647456
0.6501199999999999
0.6717900000000001
0.6751600000000001
0.6380939999999999
0.6348459999999999
0.67286
0.6693060000000001
0.6658540000000001
0.6868040000000001
0.6865519999999999
0.6685099999999999
0.6528940000000001
0.665166
0.669158
0.679012
0.6551840000000001
0.644754
0.668874
0.6394099999999999
0.658554
0.66338
0.6380939999999999
0.665356
0.659266
0.657124
0.682874
0.6754540000000001
0.6445580000000001
0.669032
0.642776
0.666284
0.6444300000000001
0.660298
0.674472
0.65409
0.6447260000000001
0.65027
0.633354
0.62688
0.652432
0.657966
0.666756
0.6458299999999999
0.6549999999999999
0.6742799999999999
0.661954
0.621346
0.643192
0.63708
0.6505340000000001
0.6342220000000001
0.6600299999999999
0.649718
0.6382459999999999
0.634108
0.658168
0.63451
0.646616
0.630928
0.6437039999999999
0.635598
