0.493652
0.497312
0.512104
0.50596
0.5025240000000001
0.49493
0.509796
0.503564
0.520138
0.516116
0.49835799999999997
0.5178259999999999
0.518692
0.513024
0.508018
0.52048
0.519134
0.547894
0.543462
0.524394
0.506672
0.540656
0.5158940000000001
0.5285880000000001
0.5165500000000001
0.501848
0.519354
0.515852
0.530304
0.5328039999999999
0.511432
0.519574
0.5169100000000001
0.543358
0.556764
0.55588
0.5410699999999999
0.5624299999999999
0.5309459999999999
0.5488160000000001
0.57368
0.56235
0.52885
0.557124
0.562288
0.556856
0.558314
0.543034
0.5452459999999999
0.527276
0.579336
0.552948
0.56848
0.564896
0.537384
0.54823
0.558646
0.558878
0.54896
0.5595939999999999
0.535458
0.548398
0.549958
0.534944
0.556486
0.548594
0.558058
0.537938
0.564776
0.547662
0.577282
0.5582119999999999
0.5580860000000001
0.551642
0.539628
0.5409360000000001
0.55108
0.5635180000000001
0.5705340000000001
0.5524020000000001
0.548104
0.5525059999999999
0.543396
0.554596
0.53592
0.545058
0.5319159999999999
0.533898
0.564298
0.534442
0.536998
0.5374979999999999
0.527326
0.5272159999999999
0.527922
0.519408
0.529126
0.5370539999999999
0.532182
0.5211119999999999
