0.5226559999999999
0.521784
0.515438
0.509378
0.491348
0.49736400000000003
0.5042000000000001
0.49979399999999996
0.509166
0.506822
0.5061619999999999
0.5000479999999999
0.493136
0.49984600000000007
0.499582
0.4984100000000001
0.502286
0.503306
0.507712
0.5125639999999999
0.5041800000000001
0.515742
0.520348
0.506508
0.527322
0.519784
0.535706
0.525738
0.5274340000000001
0.5386920000000001
0.5335
0.53581
0.539176
0.540408
0.539802
0.533466
0.5494760000000001
0.5400119999999999
0.5411180000000001
0.549184
0.5530139999999999
0.557198
0.548362
0.5544819999999999
0.5488419999999999
0.558448
0.56265
0.569986
0.570928
0.5667179999999999
0.574448
0.5677479999999999
0.58654
0.575504
0.58812
0.573974
0.5718
0.588952
0.589916
0.5767119999999999
0.584792
0.593448
0.598654
0.5827640000000001
0.5998100000000001
0.57823
0.6016739999999999
0.604782
0.6103000000000001
0.600518
0.6131759999999999
0.613678
0.6091080000000001
0.610592
0.600646
0.614638
0.6343
0.61371
0.617502
0.6131759999999999
0.62704
0.6240439999999999
0.6232420000000001
0.611124
0.63154
0.6195980000000001
0.635386
0.6249699999999999
0.640952
0.6359539999999999
0.6204820000000001
0.6489
0.6379259999999999
0.632718
0.6338980000000001
0.63943
0.66413
0.649946
0.6370399999999999
0.64961
