0.534834
0.578108
0.553914
0.567498
0.56461
0.599006
0.605718
0.609478
0.5805859999999999
0.6289119999999999
0.5983480000000001
0.6323099999999999
0.6656219999999999
0.636954
0.6579419999999999
0.6126400000000001
0.6893640000000001
0.645762
0.636436
0.6988099999999999
0.6529699999999999
0.628002
0.736532
0.73615
0.7557459999999999
0.75114
0.7526339999999999
0.729402
0.7421439999999999
0.7568640000000001
0.73427
0.745038
0.752674
0.73025
0.711426
0.708722
0.733278
0.7245520000000001
0.742462
0.744456
0.74961
0.7287060000000001
0.731564
0.71642
0.74824
0.7353879999999999
0.7159979999999999
0.715222
0.718032
0.737412
0.713482
0.7182959999999999
0.7348839999999999
0.74941
0.7310899999999999
0.744468
0.75655
0.751134
0.742718
0.74603
0.744866
0.744158
0.745918
0.737404
0.752472
0.7496579999999999
0.749012
0.752636
0.73859
0.738362
0.74641
0.75457
0.745494
0.746108
0.7573380000000001
0.732256
0.739944
0.732
0.745412
0.736584
0.743674
0.748386
0.74494
0.750292
0.7446079999999999
0.738778
0.740134
0.738412
0.744284
0.73601
0.734224
0.733658
0.728336
0.720788
0.7116060000000001
0.7062860000000001
0.7069219999999999
0.70227
0.701788
0.701296
