0.5017900000000001
0.524358
0.5
0.5
0.5240960000000001
0.5
0.533
0.5
0.5
0.5161739999999999
0.526894
0.534554
0.514876
0.5635560000000001
0.566906
0.56155
0.5644
0.560554
0.556872
0.5785880000000001
0.5385559999999999
0.559574
0.562922
0.555202
0.58958
0.5802879999999999
0.618898
0.560628
0.56899
0.584248
0.615064
0.580294
0.5738639999999999
0.577558
0.56255
0.5672159999999999
0.585324
0.60751
0.5932160000000001
0.579348
0.57803
0.612156
0.5887439999999999
0.59905
0.6035079999999999
0.592696
0.598446
0.558594
0.591084
0.608634
0.57486
0.6146959999999999
0.6105499999999999
0.595826
0.6053540000000001
0.6471420000000001
0.6099279999999999
0.6333139999999999
0.645014
0.603918
0.610982
0.629508
0.643458
0.5617519999999999
0.619186
0.643004
0.6072580000000001
0.620388
0.582162
0.611048
0.6359619999999999
0.6004780000000001
0.599532
0.598094
0.613484
0.634428
0.6160260000000001
0.6474200000000001
0.6358739999999999
0.626448
0.619296
0.630938
0.656624
0.653518
0.645454
0.631268
0.6312199999999999
0.6508440000000001
0.623246
0.6401920000000001
0.617788
0.599842
0.613386
0.6295599999999999
0.639462
0.6456279999999999
0.639158
0.626888
0.6386700000000001
0.634462
