0.49905
0.5
0.5
0.51498
0.519048
0.5004200000000001
0.5
0.53653
0.5
0.5
0.5
0.5251979999999999
0.547316
0.5450060000000001
0.5351800000000001
0.5388759999999999
0.534952
0.546878
0.55547
0.562636
0.547764
0.56264
0.545706
0.532356
0.564598
0.558168
0.565496
0.5737140000000001
0.564422
0.562638
0.571204
0.5503140000000001
0.57084
0.551398
0.5425899999999999
0.5812539999999999
0.562048
0.5575680000000001
0.591552
0.558762
0.580118
0.555918
0.5743039999999999
0.576684
0.558318
0.583014
0.566912
0.565708
0.542614
0.601702
0.561682
0.554438
0.55947
0.552618
0.537056
0.566006
0.563608
0.5516220000000001
0.600674
0.56746
0.6134940000000001
0.620696
0.568182
0.596686
0.58582
0.59088
0.5840679999999999
0.598874
0.586702
0.545278
0.602412
0.573958
0.616706
0.61483
0.598144
0.57622
0.61478
0.587266
0.585758
0.5910259999999999
0.57697
0.597444
0.60487
0.598888
0.5987100000000001
0.573786
0.5877560000000001
0.59202
0.626336
0.5860160000000001
0.584374
0.5993760000000001
0.6018020000000001
0.593168
0.5961500000000001
0.601758
0.586634
0.5997040000000001
0.609224
0.5922
