0.523154
0.520562
0.5148459999999999
0.5093179999999999
0.493292
0.49483599999999994
0.50148
0.49825200000000003
0.508706
0.503116
0.50378
0.502198
0.496726
0.505068
0.503174
0.513198
0.5049859999999999
0.511694
0.516374
0.511746
0.5056700000000001
0.5231
0.5357299999999999
0.52893
0.537984
0.522546
0.551488
0.539834
0.557222
0.548672
0.550688
0.567232
0.5561599999999999
0.565984
0.5665800000000001
0.553588
0.5699019999999999
0.568934
0.5709080000000001
0.582618
0.592464
0.584814
0.57645
0.598206
0.6000840000000001
0.611602
0.6087999999999999
0.616348
0.606264
0.60251
0.62319
0.612388
0.628566
0.627836
0.634804
0.63542
0.6412180000000001
0.6375500000000001
0.61909
0.6314799999999999
0.6369739999999999
0.660708
0.662224
0.645924
0.635224
0.638404
0.6666860000000001
0.666004
0.6614300000000001
0.652458
0.6658959999999999
0.6533340000000001
0.6461600000000001
0.667218
0.672312
0.673408
0.698286
0.700464
0.6868340000000001
0.699716
0.6980139999999999
0.7147939999999999
0.714286
0.713816
0.720246
0.688658
0.6829339999999999
0.700264
0.7201339999999999
0.689668
0.70065
0.720028
0.7075699999999999
0.723772
0.7205579999999999
0.723882
0.6918179999999999
0.7438480000000001
0.7064379999999999
0.735106
