0.49755200000000005
0.495494
0.502476
0.508354
0.515548
0.518386
0.5280680000000001
0.526328
0.524926
0.537874
0.54847
0.549912
0.5177959999999999
0.507052
0.5378820000000001
0.518432
0.5307879999999999
0.523472
0.5357959999999999
0.534352
0.535574
0.510972
0.544772
0.5275880000000001
0.5399299999999999
0.52973
0.5355260000000001
0.510826
0.543074
0.5137360000000001
0.52403
0.508232
0.554632
0.53498
0.561964
0.5356559999999999
0.543724
0.549276
0.544838
0.5118720000000001
0.5631180000000001
0.559812
0.549628
0.557
0.549378
0.538026
0.541802
0.53764
0.52486
0.578848
0.551092
0.5415719999999999
0.5651039999999999
0.5643340000000001
0.530232
0.5462899999999999
0.545052
0.5199579999999999
0.54037
0.5422
0.559308
0.5602320000000001
0.5623020000000001
0.56865
0.540346
0.521088
0.570274
0.535118
0.541842
0.548038
0.568516
0.540782
0.53617
0.546154
0.5203760000000001
0.556796
0.525086
0.566626
0.563344
0.5439120000000001
0.525622
0.56865
0.55524
0.57242
0.5137139999999999
0.5706800000000001
0.5227479999999999
0.585444
0.530076
0.570694
0.5622780000000001
0.558526
0.567782
0.558662
0.57366
0.559734
0.522752
0.573172
0.529778
0.585922
