0.508302
0.5129779999999999
0.5149839999999999
0.520366
0.515666
0.514246
0.5044660000000001
0.512506
0.507836
0.5088520000000001
0.507076
0.522576
0.522316
0.523346
0.5255460000000001
0.51435
0.5192700000000001
0.514048
0.517062
0.514122
0.517412
0.51147
0.510506
0.5033080000000001
0.5258
0.5092220000000001
0.5134340000000001
0.511046
0.5208280000000001
0.516974
0.5133220000000001
0.514818
0.511924
0.52498
0.522726
0.5173639999999999
0.5255319999999999
0.527684
0.515838
0.52371
0.5384680000000001
0.5212359999999999
0.527574
0.515432
0.5404519999999999
0.526418
0.53232
0.53101
0.538524
0.5395639999999999
0.538416
0.55073
0.5539800000000001
0.554476
0.537294
0.54015
0.550018
0.5599780000000001
0.558898
0.561258
0.5511579999999999
0.562924
0.56488
0.5522179999999999
0.552236
0.5580320000000001
0.565382
0.57504
0.570046
0.558442
0.5678580000000001
0.5711439999999999
0.572674
0.568834
0.573394
0.585216
0.5753419999999999
0.5815980000000001
0.56501
0.568166
0.562338
0.5762140000000001
0.573172
0.577768
0.571342
0.5762459999999999
0.582342
0.59232
0.5709139999999999
0.578682
0.578892
0.5761620000000001
0.5804320000000001
0.5797239999999999
0.589116
0.59359
0.578396
0.5818059999999999
0.59139
0.587626
