0.508302
0.5167900000000001
0.52028
0.5211159999999999
0.524764
0.515514
0.512418
0.510266
0.5103059999999999
0.520812
0.514216
0.5228980000000001
0.515866
0.526974
0.518126
0.5162300000000001
0.517378
0.519984
0.517544
0.5189999999999999
0.516776
0.509886
0.50996
0.511256
0.515928
0.50693
0.5124500000000001
0.509092
0.51318
0.510602
0.5264620000000001
0.520612
0.522698
0.5200020000000001
0.52316
0.521688
0.531382
0.521932
0.534422
0.5358700000000001
0.544832
0.538606
0.53376
0.540774
0.53942
0.557508
0.558204
0.5630600000000001
0.554924
0.545682
0.559604
0.559664
0.5658019999999999
0.569592
0.573122
0.567288
0.578282
0.583812
0.582878
0.5837519999999999
0.5893499999999999
0.5974340000000001
0.6103160000000001
0.59616
0.581396
0.5830960000000001
0.6144820000000001
0.61274
0.5806979999999999
0.6004640000000001
0.598152
0.618084
0.615668
0.639126
0.6111719999999999
0.602738
0.6234959999999999
0.6301460000000001
0.6140239999999999
0.626854
0.630342
0.61308
0.645108
0.6448780000000001
0.645308
0.6309
0.6603020000000001
0.640792
0.648296
0.6536559999999999
0.64385
0.648968
0.6386019999999999
0.6485599999999999
0.656532
0.677412
0.6774880000000001
0.662088
0.668306
0.648606
