0.5204439999999999
0.52258
0.513366
0.51209
0.51295
0.500796
0.503398
0.498468
0.504502
0.49532800000000005
0.5089259999999999
0.502788
0.497416
0.493386
0.49686400000000003
0.505162
0.49834599999999996
0.48957400000000006
0.491044
0.496772
0.504344
0.498986
0.5048579999999999
0.498488
0.5078299999999999
0.5009
0.515264
0.5087379999999999
0.507526
0.5172760000000001
0.5129199999999999
0.512328
0.5176379999999999
0.523062
0.517212
0.5208060000000001
0.51784
0.51433
0.513514
0.519034
0.524012
0.5194080000000001
0.5159520000000001
0.521942
0.520494
0.5205380000000001
0.5265839999999999
0.51972
0.5255319999999999
0.52492
0.53222
0.531086
0.535974
0.523258
0.535236
0.519514
0.5277099999999999
0.5335779999999999
0.532832
0.533538
0.5335020000000001
0.5391060000000001
0.541496
0.5291440000000001
0.543066
0.532666
0.541562
0.551556
0.55322
0.53808
0.550332
0.553064
0.5431779999999999
0.5521699999999999
0.54718
0.54459
0.55703
0.554398
0.555704
0.5448439999999999
0.55615
0.5584779999999999
0.565002
0.546592
0.559942
0.555504
0.570356
0.565144
0.565722
0.565712
0.561396
0.570466
0.5730280000000001
0.571826
0.574384
0.5752480000000001
0.587712
0.57665
0.5753119999999999
0.5797559999999999
