0.5028440000000001
0.507166
0.518978
0.521478
0.517884
0.525116
0.51771
0.521162
0.52032
0.522416
0.5126560000000001
0.49402199999999996
0.504188
0.501942
0.5052099999999999
0.4998159999999999
0.49423
0.493976
0.49601400000000007
0.49601799999999996
0.4941700000000001
0.49301800000000007
0.492912
0.4911959999999999
0.500548
0.49579799999999996
0.49676400000000004
0.49294200000000005
0.49675600000000003
0.500222
0.499832
0.507354
0.503292
0.505748
0.506486
0.502856
0.5055700000000001
0.50732
0.50379
0.5071500000000001
0.506684
0.508274
0.507558
0.509796
0.510254
0.5109480000000001
0.5117160000000001
0.50894
0.5088079999999999
0.5076039999999999
0.510086
0.510018
0.51158
0.510074
0.511294
0.511744
0.510522
0.514178
0.5114339999999999
0.509098
0.511308
0.51224
0.5096299999999999
0.51361
0.5095500000000001
0.51292
0.5132019999999999
0.513866
0.516372
0.512666
0.5151800000000001
0.5129739999999999
0.511138
0.514322
0.5129699999999999
0.51198
0.512852
0.509544
0.509204
0.51338
0.511556
0.507892
0.50971
0.5111220000000001
0.510964
0.515892
0.513982
0.51477
0.511412
0.509514
0.511852
0.5112720000000001
0.51393
0.508332
0.507712
0.5087820000000001
0.515982
0.51185
0.515558
0.5181640000000001
