0.523386
0.519748
0.51433
0.510456
0.512734
0.509614
0.502602
0.501046
0.500962
0.499266
0.50043
0.502146
0.517054
0.508714
0.5140120000000001
0.505816
0.518444
0.524068
0.518614
0.51963
0.5142479999999999
0.532146
0.53282
0.517228
0.536024
0.5402819999999999
0.537894
0.526098
0.527946
0.523862
0.532612
0.5279619999999999
0.550496
0.542508
0.543376
0.551438
0.550014
0.54898
0.55423
0.541684
0.561488
0.557912
0.562018
0.562238
0.5615060000000001
0.552718
0.582788
0.5865159999999999
0.571484
0.567994
0.578274
0.581528
0.571662
0.5993660000000001
0.586942
0.585042
0.58025
0.588424
0.6004440000000001
0.5944379999999999
0.591446
0.61697
0.591716
0.57823
0.593154
0.600308
0.5922419999999999
0.6113419999999999
0.61172
0.609494
0.603764
0.60513
0.598522
0.601548
0.612608
0.6217140000000001
0.612222
0.6103919999999999
0.614764
0.625528
0.622844
0.635138
0.637314
0.622404
0.630602
0.62066
0.6078300000000001
0.602374
0.629904
0.613208
0.641614
0.6321359999999999
0.627232
0.6286999999999999
0.630086
0.623672
0.646572
0.6335680000000001
0.63807
0.628302
