0.522884
0.5228039999999999
0.50974
0.510738
0.49934599999999996
0.511936
0.5130100000000001
0.494672
0.504766
0.5058560000000001
0.500836
0.506028
0.492636
0.507692
0.511002
0.516608
0.515304
0.525468
0.522676
0.52161
0.52518
0.529552
0.51637
0.53976
0.531292
0.5332999999999999
0.53274
0.530644
0.545474
0.5362899999999999
0.536464
0.5520619999999999
0.555722
0.5550839999999999
0.539744
0.551108
0.550998
0.559594
0.549176
0.552424
0.557578
0.55705
0.573348
0.548152
0.5418
0.575992
0.580852
0.55867
0.5767739999999999
0.5668819999999999
0.56788
0.5745439999999999
0.5938979999999999
0.587894
0.583242
0.5994360000000001
0.5741240000000001
0.5923120000000001
0.563586
0.5946140000000001
0.587796
0.607796
0.5872839999999999
0.6063719999999999
0.595218
0.593472
0.5925400000000001
0.606494
0.613974
0.6080099999999999
0.607336
0.602074
0.617576
0.593374
0.612768
0.6158859999999999
0.6267739999999999
0.597252
0.6229939999999999
0.599718
0.6235440000000001
0.627506
0.62439
0.6262920000000001
0.632072
0.615312
0.633442
0.628668
0.6234999999999999
0.6365940000000001
0.612266
0.6232420000000001
0.6342539999999999
0.62693
0.6432359999999999
0.634054
0.646792
0.618546
0.63922
0.624444
