0.49545799999999995
0.49246000000000006
0.512242
0.5118020000000001
0.508454
0.522628
0.494818
0.49346999999999996
0.512464
0.535354
0.538354
0.525552
0.50685
0.51592
0.53716
0.53442
0.539648
0.518412
0.535948
0.520524
0.52544
0.5252060000000001
0.527134
0.55193
0.519228
0.545072
0.515778
0.552748
0.5454559999999999
0.577722
0.5634340000000001
0.57657
0.587908
0.589844
0.59232
0.607818
0.5428359999999999
0.554956
0.585588
0.536868
0.558958
0.544376
0.595586
0.581034
0.561716
0.6252420000000001
0.610132
0.576416
0.5919639999999999
0.558174
0.565148
0.589892
0.558516
0.526504
0.563326
0.5746659999999999
0.5493480000000001
0.61022
0.5616099999999999
0.6141700000000001
0.55781
0.5790099999999999
0.59129
0.5622619999999999
0.588086
0.59622
0.567122
0.579466
0.5745600000000001
0.573138
0.577162
0.608882
0.581276
0.558834
0.6193960000000001
0.60624
0.613572
0.5438860000000001
0.566276
0.55111
0.608628
0.563196
0.564834
0.60776
0.608642
0.5975
0.6098239999999999
0.5669179999999999
0.599216
0.560832
0.563044
0.511224
0.6213679999999999
0.575064
0.589508
0.5303100000000001
0.678662
0.659464
0.679624
0.65239
