0.5199499999999999
0.5126660000000001
0.5085959999999999
0.50964
0.49397599999999997
0.49142399999999997
0.49963599999999997
0.496062
0.502694
0.502972
0.492992
0.49399200000000004
0.48644599999999993
0.49593400000000004
0.49404599999999993
0.49603600000000003
0.495542
0.49391999999999997
0.4963560000000001
0.49716200000000005
0.49067799999999995
0.506584
0.51465
0.5091459999999999
0.5123219999999999
0.505364
0.5234719999999999
0.515306
0.52017
0.515868
0.518706
0.525
0.52226
0.531814
0.529948
0.52439
0.531998
0.529696
0.5368059999999999
0.5360659999999999
0.539386
0.5407379999999999
0.534828
0.5426219999999999
0.5387780000000001
0.544982
0.541848
0.554754
0.550234
0.551068
0.558116
0.555548
0.5589339999999999
0.561704
0.5604199999999999
0.559614
0.561542
0.5654359999999999
0.5635659999999999
0.5608839999999999
0.56657
0.564488
0.566478
0.567236
0.56218
0.572894
0.5734180000000001
0.581846
0.5728040000000001
0.563584
0.570512
0.581076
0.580728
0.578934
0.582654
0.581744
0.595164
0.5871299999999999
0.58228
0.5866420000000001
0.583942
0.591388
0.594856
0.575094
0.5986800000000001
0.589948
0.575658
0.589722
0.603288
0.593966
0.58657
0.602132
0.6048580000000001
0.6109819999999999
0.604872
0.602744
0.608254
0.6151800000000001
0.6058659999999999
0.611054
