0.514412
0.489694
0.46628200000000003
0.5234179999999999
0.525658
0.5143300000000001
0.55991
0.588468
0.6045240000000001
0.579386
0.607784
0.561236
0.638276
0.648102
0.6415620000000001
0.6122119999999999
0.646578
0.697682
0.680634
0.642976
0.644516
0.6727219999999999
0.750752
0.7690720000000001
0.770528
0.7481439999999999
0.751594
0.75282
0.7759860000000001
0.749318
0.786636
0.761148
0.7702300000000001
0.7729879999999999
0.743448
0.8195180000000001
0.774602
0.776976
0.774128
0.770782
0.760752
0.78444
0.791696
0.80764
0.80924
0.818492
0.7885119999999999
0.825272
0.813598
0.8137540000000001
0.817306
0.8222959999999999
0.796914
0.80553
0.799588
0.79613
0.774838
0.842196
0.836612
0.81865
0.7939579999999999
0.8179399999999999
0.846864
0.825186
0.8612580000000001
0.863276
0.864356
0.857308
0.850926
0.846908
0.857892
0.8434839999999999
0.86141
0.865804
0.857506
0.86464
0.85319
0.86688
0.857604
0.861206
0.8469960000000001
0.859322
0.853722
0.861
0.857758
0.869364
0.876226
0.83788
0.858806
0.869586
0.8678060000000001
0.863476
0.8748020000000001
0.864296
0.869804
0.8703960000000001
0.854992
0.878374
0.8723700000000001
0.883292
