0.503024
0.512806
0.517658
0.5210539999999999
0.521564
0.516944
0.514786
0.5140819999999999
0.498382
0.49271
0.49270200000000003
0.500116
0.499258
0.500602
0.511246
0.5011439999999999
0.518844
0.519822
0.5103779999999999
0.51275
0.505736
0.5104059999999999
0.517468
0.49544399999999994
0.507538
0.50914
0.513602
0.508146
0.520532
0.520164
0.511004
0.522744
0.516558
0.512602
0.519112
0.51616
0.5207200000000001
0.5169
0.520654
0.5192239999999999
0.515578
0.51629
0.507942
0.512502
0.521066
0.50829
0.513272
0.514374
0.5149360000000001
0.511332
0.5077919999999999
0.510976
0.508086
0.521042
0.5103
0.505548
0.51822
0.50822
0.51703
0.511814
0.523664
0.512088
0.517682
0.5231899999999999
0.521046
0.513006
0.514518
0.517138
0.52137
0.5145200000000001
0.513048
0.51283
0.511994
0.521034
0.518568
0.52336
0.517018
0.526806
0.516044
0.523544
0.5135160000000001
0.520902
0.523582
0.522648
0.531106
0.530884
0.524194
0.523366
0.525904
0.525788
0.5213040000000001
0.5244179999999999
0.525276
0.51449
0.529724
0.52339
0.5299999999999999
0.524484
0.514688
0.5246999999999999
