0.50224
0.48772399999999994
0.477422
0.503688
0.5014080000000001
0.5178840000000001
0.5266580000000001
0.5056640000000001
0.521346
0.521622
0.5142439999999999
0.49629000000000006
0.5236000000000001
0.511814
0.5095299999999999
0.498464
0.522372
0.5212019999999999
0.548028
0.490256
0.5204340000000001
0.494612
0.557976
0.5236000000000001
0.5021
0.510024
0.5827699999999999
0.5567340000000001
0.54775
0.555798
0.546114
0.58128
0.572874
0.56867
0.574276
0.573044
0.583462
0.587274
0.5854419999999999
0.592348
0.5934119999999999
0.534316
0.526946
0.5410360000000001
0.528588
0.608392
0.5935459999999999
0.57447
0.593016
0.586828
0.5744480000000001
0.5996959999999999
0.6103539999999998
0.617266
0.58991
0.630916
0.5826520000000001
0.629852
0.6182139999999999
0.57776
0.54366
0.601972
0.6315919999999999
0.6151360000000001
0.597162
0.58497
0.538794
0.6037279999999999
0.6196900000000001
0.627066
0.614224
0.561334
0.633278
0.625712
0.607274
0.619492
0.587892
0.617406
0.545572
0.594996
0.6392020000000002
0.6183879999999999
0.631648
0.6303019999999999
0.617522
0.6031599999999999
0.601084
0.640648
0.6550360000000001
0.59478
0.649692
0.627228
0.63644
0.6198600000000001
0.622984
0.64632
0.642128
0.624092
0.624762
0.54572
