0.506856
0.51331
0.5197039999999999
0.519926
0.5191279999999999
0.51603
0.512502
0.498836
0.5007360000000001
0.50651
0.505556
0.5099279999999999
0.503512
0.513524
0.500768
0.5058480000000001
0.5107379999999999
0.5147579999999999
0.505366
0.51011
0.503738
0.494674
0.49703200000000003
0.501424
0.49106800000000006
0.494904
0.5010739999999999
0.49653
0.493794
0.494866
0.50094
0.495922
0.498836
0.4934019999999999
0.4960759999999999
0.49681600000000004
0.496678
0.4958340000000001
0.5011680000000001
0.5099199999999999
0.500196
0.499302
0.496432
0.503156
0.508446
0.505668
0.508482
0.51165
0.514788
0.507076
0.512472
0.5156219999999999
0.521124
0.5204819999999999
0.523294
0.508464
0.5201420000000001
0.51909
0.516282
0.521634
0.523932
0.528088
0.526338
0.526382
0.5172780000000001
0.53966
0.528224
0.534448
0.520768
0.5315960000000001
0.526768
0.535114
0.5345519999999999
0.545766
0.5330360000000001
0.532502
0.541338
0.535306
0.541648
0.5340879999999999
0.541664
0.530578
0.531588
0.540528
0.5578000000000001
0.540746
0.558566
0.549828
0.544166
0.5479799999999999
0.535172
0.543132
0.53844
0.540308
0.541626
0.553008
0.551146
0.555578
0.549284
0.544836
