0.523026
0.51851
0.5114059999999999
0.493926
0.49833400000000005
0.5112599999999999
0.507904
0.5090459999999999
0.506736
0.503648
0.507758
0.510134
0.511248
0.494454
0.5057240000000001
0.519086
0.513278
0.5103300000000001
0.5242720000000001
0.515682
0.5224679999999999
0.523814
0.5158919999999999
0.530218
0.5251439999999999
0.531132
0.54494
0.533448
0.535192
0.5433079999999999
0.5248919999999999
0.537114
0.5457
0.542708
0.5413700000000001
0.557194
0.54042
0.551692
0.550384
0.546052
0.5599439999999999
0.550424
0.564966
0.5644659999999999
0.562194
0.562126
0.565958
0.568874
0.5760339999999999
0.560412
0.581544
0.56411
0.56275
0.587334
0.567304
0.5731919999999999
0.574298
0.5846739999999999
0.5714279999999999
0.575882
0.5980460000000001
0.5892679999999999
0.581914
0.593192
0.593392
0.6028199999999999
0.602042
0.59605
0.584106
0.586914
0.577248
0.59646
0.589456
0.6108020000000001
0.596472
0.6037180000000001
0.61224
0.610356
0.618832
0.618152
0.5977300000000001
0.607526
0.611034
0.603174
0.58847
0.609752
0.623678
0.6213759999999999
0.6041799999999999
0.6219619999999999
0.628508
0.620254
0.6270239999999999
0.615788
0.6065400000000001
0.6089120000000001
0.63487
0.6292059999999999
0.622198
0.6253540000000001
