0.51974
0.511516
0.5118
0.507174
0.5097740000000001
0.507004
0.500032
0.49631000000000003
0.49809600000000004
0.499506
0.491938
0.49239600000000006
0.507812
0.49431
0.500724
0.49367800000000006
0.504918
0.50468
0.504648
0.5051859999999999
0.502942
0.5062800000000001
0.515194
0.5066379999999999
0.520574
0.519276
0.516798
0.5141760000000001
0.515108
0.5085540000000001
0.51205
0.512332
0.5249719999999999
0.52033
0.5267620000000001
0.525708
0.526574
0.5213019999999999
0.5203260000000001
0.52576
0.527718
0.524184
0.5305460000000001
0.533886
0.52491
0.5210459999999999
0.54128
0.535464
0.527852
0.5264599999999999
0.534796
0.527832
0.53488
0.53127
0.539898
0.541716
0.527118
0.5303300000000001
0.544864
0.534572
0.541066
0.5484559999999999
0.5393779999999999
0.532098
0.541948
0.5396259999999999
0.538124
0.544314
0.549174
0.5443600000000001
0.5414720000000001
0.5349959999999999
0.53987
0.541856
0.5431619999999999
0.550412
0.55133
0.5371079999999999
0.5426200000000001
0.543126
0.555624
0.556778
0.554336
0.555336
0.5541699999999999
0.550744
0.541354
0.550316
0.546472
0.562282
0.55813
0.55308
0.5519540000000001
0.561678
0.56805
0.550442
0.559148
0.556028
0.563908
0.561254
