21600.01828765869
10.0
10.0
24.48
33.269999999999996
38.7
41.77
46.6
49.34
51.81
56.61000000000001
57.79
62.12
60.75000000000001
65.7
61.9
67.60000000000001
62.69
69.44
64.29
70.38
64.17
70.49
65.57
70.98
66.64999999999999
71.39999999999999
66.47999999999999
72.41
67.56
71.89
68.11
72.74000000000001
69.37
72.72
70.06
71.96000000000001
70.5
72.11
72.57000000000001
72.44
72.81
71.76
73.87
72.92
73.11
71.98
74.6
71.55
74.69
71.94
74.3
72.39
74.74
72.25
74.13
71.85000000000001
73.86
72.2
73.54
71.6
74.76
72.26
73.99
71.27
73.05
72.52
73.7
72.47
73.75
72.92
73.07000000000001
72.52
73.55000000000001
72.48
73.95
72.18
73.52
71.75
74.08
70.64
72.89999999999999
71.69
74.16
70.96000000000001
73.58
70.75
73.7
70.37
73.64
71.95
73.04
70.3
71.93
71.55
72.24000000000001
70.15
71.74000000000001
69.39
72.22
71.17
