3613.2912628650665
9.43
20.13
22.82
32.019999999999996
39.09
41.46
44.39
45.22
49.71
47.54
50.41
55.169999999999995
54.44
56.52
57.3
55.52
60.629999999999995
61.91
63.82
58.97
62.78
64.34
62.72
63.82
64.94
66.12
67.77
65.4
69.08999999999999
66.75999999999999
70.19999999999999
67.23
71.7
70.67999999999999
70.38
69.74000000000001
71.97
70.78999999999999
72.15
73.26
72.46000000000001
72.19
73.44000000000001
74.37
73.87
74.6
73.25
75.32
75.74
74.99
75.94999999999999
75.44
76.09
74.37
76.1
75.03
77.33
76.58
76.55
76.11
77.61
76.91
77.60000000000001
78.01
74.22999999999999
77.46
76.13
76.73
77.51
74.74
76.1
76.96
76.32
77.3
76.63
77.60000000000001
77.73
77.23
78.16
78.17
76.09
78.31
77.61
78.13
77.66
78.85
77.95
78.07
79.02
78.48
78.53
79.3
78.56
78.84
78.8
77.7
76.96
77.32
78.28
76.51
