1956.203423500061
10.0
10.0
10.0
10.0
10.09
10.0
10.37
10.72
11.12
14.099999999999998
17.23
23.400000000000002
24.64
30.03
33.44
34.67
36.52
38.32
40.089999999999996
40.660000000000004
41.82
43.480000000000004
45.62
45.019999999999996
46.07
46.550000000000004
47.27
47.589999999999996
49.25
48.38
49.91
50.57000000000001
49.71
50.74999999999999
51.09
51.77
51.71
52.669999999999995
51.99
52.790000000000006
53.190000000000005
53.580000000000005
53.83
53.73
54.03
53.81
54.82
54.75
54.55
55.169999999999995
55.48
55.71
55.910000000000004
55.92
55.589999999999996
56.24
56.05
56.720000000000006
56.769999999999996
56.42
56.910000000000004
56.769999999999996
57.620000000000005
57.089999999999996
57.50999999999999
57.699999999999996
57.34
58.269999999999996
57.60999999999999
58.19
58.63
57.87
57.63
58.15
58.650000000000006
59.050000000000004
59.21999999999999
59.589999999999996
58.96
58.650000000000006
59.56
58.9
58.879999999999995
59.79
59.699999999999996
59.81999999999999
59.599999999999994
59.760000000000005
59.540000000000006
60.01
60.040000000000006
60.45
60.23
60.35
60.550000000000004
60.36
61.29
60.46
60.45
61.31999999999999
