1973.1844499111176
10.02
15.9
19.61
24.13
28.68
31.72
36.71
39.65
43.0
44.57
48.120000000000005
48.22
50.160000000000004
53.16
56.15
54.7
58.940000000000005
58.17
59.67
60.41
61.199999999999996
62.51
62.45
63.74999999999999
64.48
64.5
64.86
66.45
65.35
66.36
68.57
68.06
67.39
68.73
68.43
69.55
70.74000000000001
69.95
71.93
70.88
71.76
70.56
71.08
70.38
72.75
71.34
73.88
71.39
72.07000000000001
72.96000000000001
73.44000000000001
73.32
73.88
73.22
73.77
72.99
74.11999999999999
75.28
75.0
74.11
73.92999999999999
74.71
75.44999999999999
75.05
74.53
73.74000000000001
74.46000000000001
74.85000000000001
75.08
74.33
75.47
75.78
75.74
76.05
74.96000000000001
74.72
76.11
76.84
73.92999999999999
75.89
76.09
75.26
77.25999999999999
75.33999999999999
75.77000000000001
76.69
76.01
74.47
76.48
73.0
75.82
75.89
75.94
76.51
74.79
76.07000000000001
75.58
75.81
75.33999999999999
73.18
