3107.768965482712
10.0
18.759999999999998
24.240000000000002
32.28
35.35
41.010000000000005
43.65
45.23
49.65
51.82
54.510000000000005
54.61
54.53
57.830000000000005
59.260000000000005
61.35
61.49
62.029999999999994
61.45
64.63
63.339999999999996
67.17999999999999
64.11
66.86999999999999
66.36
68.36
68.31
69.24
67.99
71.0
70.75
73.24000000000001
72.15
72.33000000000001
73.76
74.42999999999999
73.66
75.7
75.99000000000001
76.09
77.37
76.64999999999999
77.73
77.68
77.92999999999999
77.25
78.8
76.67
79.32000000000001
77.94
79.9
78.68
80.27
79.28
80.30000000000001
78.82000000000001
80.78999999999999
77.92
80.75
77.96
80.39
80.17
81.2
81.28
81.97
81.95
81.78999999999999
82.11
81.87
82.07
82.25
81.63
82.72
82.15
83.17999999999999
81.54
83.05
82.39999999999999
83.21
83.39999999999999
83.32000000000001
83.32000000000001
82.28999999999999
83.25
84.1
83.98
84.23
83.02000000000001
83.21
82.64
83.11
83.83
83.50999999999999
83.66
83.62
83.66
83.83
84.1
83.99
84.65
