3314.2141540050507
9.969999999999999
19.400000000000002
24.88
31.419999999999998
36.88
42.03
43.26
45.97
47.73
51.22
53.36
53.010000000000005
52.22
56.52
57.74
61.36000000000001
61.14000000000001
61.040000000000006
60.39
63.62
62.92
66.27
64.35
67.63
66.44
69.3
68.43
68.65
67.97
70.74000000000001
70.73
72.85000000000001
72.25
73.26
74.0
74.11999999999999
73.69
75.76
75.94
76.31
77.14999999999999
76.19
77.22
77.07000000000001
76.87
76.44
78.34
76.94
78.63
76.81
79.55
78.3
79.99000000000001
79.12
79.85
78.08
79.93
77.3
79.91
77.79
80.25999999999999
79.23
80.84
80.95
80.58
81.69999999999999
81.78
81.87
81.69999999999999
81.58
82.06
81.56
82.32000000000001
81.64
82.77
81.58999999999999
82.83
82.36
82.91
82.91
83.06
82.96
82.97
83.04
83.35000000000001
83.57
83.35000000000001
82.78
82.58
81.72
81.72
82.77
81.92
82.35
82.43
82.91
82.85
83.28999999999999
83.27
83.38
