894.8766386508942
10.0
10.09
10.0
19.17
10.0
10.0
15.110000000000001
20.61
19.48
21.97
24.169999999999998
24.88
28.12
29.310000000000002
31.77
30.94
35.480000000000004
38.33
37.39
39.09
40.94
42.64
45.61
45.129999999999995
44.15
45.5
45.29
47.11
47.89
48.5
50.27
50.870000000000005
50.01
52.629999999999995
52.690000000000005
53.03
53.37
54.97
54.690000000000005
55.620000000000005
55.269999999999996
55.78999999999999
55.87
53.36
56.230000000000004
56.84
58.48
57.03
57.36
58.879999999999995
57.75
59.45
59.01
58.84
60.0
58.89
58.77
59.870000000000005
61.45
60.58
61.95
61.41
62.160000000000004
61.36000000000001
62.51
62.49
63.370000000000005
61.129999999999995
63.190000000000005
63.660000000000004
64.41
63.93
64.71000000000001
63.800000000000004
64.14999999999999
62.31
64.81
65.02
64.7
65.7
64.92
65.53999999999999
65.51
64.9
64.82
65.06
64.42999999999999
65.48
65.3
65.11
66.51
65.99000000000001
65.42999999999999
65.89
67.02
66.75
67.45
66.93
67.47999999999999
66.83
