3231.712012529373
10.0
17.41
23.74
32.43
36.03
41.54
44.41
46.56
50.260000000000005
52.0
54.54
55.08
55.589999999999996
58.209999999999994
60.18
61.0
63.32
62.17
62.7
65.42999999999999
63.7
66.73
65.86999999999999
67.93
68.37
69.74000000000001
68.78999999999999
70.36
68.04
71.03
69.59
72.76
70.85000000000001
73.4
72.44
74.26
72.89
74.3
74.11
72.87
75.02
73.59
75.66000000000001
74.76
75.1
73.83999999999999
75.73
71.61
75.88000000000001
73.74000000000001
76.07000000000001
73.28
76.4
73.46000000000001
76.62
73.28
75.37
70.64
74.77000000000001
70.0
74.41
70.93
74.99
72.89999999999999
73.39
75.05
73.8
72.84
72.81
75.07000000000001
72.0
74.28
73.64
73.59
73.46000000000001
72.19
75.42
72.36
75.58
71.21
72.16
71.38
74.75
72.3
71.99
72.49
72.88
70.83
74.32
70.67999999999999
73.44000000000001
72.54
73.1
72.57000000000001
72.94
73.69
70.48
71.91
71.83
71.78999999999999
