21715.036942481995
10.0
10.0
23.1
33.050000000000004
37.91
41.27
44.51
48.97
53.03
54.879999999999995
57.92
59.550000000000004
61.27
64.17
61.82
67.24
61.839999999999996
67.58999999999999
63.1
68.10000000000001
62.28
68.28999999999999
61.86000000000001
67.30000000000001
62.78
66.33
62.61
67.88
61.88
67.15
61.980000000000004
68.08
62.1
65.21000000000001
63.3
66.16
63.7
65.67
62.46000000000001
65.09
64.34
63.92
64.22
62.94
65.03
61.08
64.60000000000001
59.160000000000004
63.65
58.199999999999996
64.23
58.13
63.74999999999999
58.269999999999996
64.14
58.15
62.59
59.21999999999999
62.4
59.48
62.470000000000006
55.379999999999995
61.4
57.26
60.35
56.879999999999995
58.550000000000004
55.86
60.3
56.3
56.31
55.11000000000001
56.49999999999999
57.63
57.17
54.98
57.65
55.059999999999995
56.66
53.38
55.17999999999999
52.87
52.690000000000005
53.839999999999996
55.44
53.010000000000005
53.779999999999994
53.559999999999995
51.480000000000004
52.470000000000006
54.17999999999999
52.410000000000004
51.74999999999999
52.0
50.690000000000005
52.16
54.37
50.3
52.080000000000005
52.22
