11499.615796804428
10.0
12.370000000000001
25.619999999999997
33.019999999999996
40.03
38.68
44.97
40.1
50.89
52.1
57.03
48.370000000000005
51.739999999999995
47.699999999999996
58.76
47.05
62.13999999999999
51.790000000000006
65.99000000000001
62.019999999999996
66.95
70.45
65.81
71.36
68.51
66.72
69.65
66.88
67.78999999999999
68.52000000000001
73.42
68.49
74.33999999999999
69.54
74.00999999999999
73.29
75.46000000000001
71.17
75.22
70.03
71.98
69.64
72.65
70.7
74.38
69.14
74.44
73.66
72.2
75.38
76.42
74.05000000000001
76.82
75.38
75.66000000000001
74.64
77.23
78.57
76.66
78.92
77.68
81.0
79.43
79.69000000000001
78.82000000000001
79.75
77.3
77.86999999999999
77.02
77.91
78.67
80.58999999999999
77.97
80.60000000000001
78.52
79.49000000000001
78.41
82.56
79.9
82.12
80.64
81.52000000000001
80.84
80.17999999999999
82.1
81.17999999999999
81.74
78.73
79.63
76.59
80.83
80.42
82.19
80.23
81.43
80.45
82.25
82.86
83.12
80.94
