22687.878677606583
10.0
10.0
23.65
33.0
40.0
43.9
47.42
52.92
54.1
58.199999999999996
60.28
62.18
63.79
66.03999999999999
65.74
68.67999999999999
68.49
69.98
69.6
71.52
71.09
72.71
71.98
73.77
72.92
74.58
73.82
75.02
74.35000000000001
75.18
74.71
75.82
75.53
76.09
75.53999999999999
76.64999999999999
76.32
77.58
76.38000000000001
77.74
77.27000000000001
78.84
78.45
79.59
78.84
79.67
79.34
80.63
79.67999999999999
81.11
80.76
81.6
81.15
82.09
81.44
82.32000000000001
81.5
82.69
82.08
83.04
81.99
83.3
82.71
83.26
82.92
83.63000000000001
83.14
83.74000000000001
83.45
83.91
83.89
83.93
83.78
84.09
84.16
84.37
84.16
84.54
84.42
84.6
84.44
84.7
84.74000000000001
84.65
84.87
85.00999999999999
84.93
85.13
85.06
85.06
84.93
85.31
85.11999999999999
85.31
85.17
85.42
85.22999999999999
85.48
85.21
85.79
