14.399999999999999
19.6
21.8
26.200000000000003
28.999999999999996
31.2
33.4
37.4
37.0
40.0
41.0
45.6
45.800000000000004
45.4
49.4
49.0
49.0
52.800000000000004
52.800000000000004
54.6
54.0
55.400000000000006
56.39999999999999
59.8
58.199999999999996
56.2
57.199999999999996
58.599999999999994
58.599999999999994
59.4
60.199999999999996
61.8
59.599999999999994
59.8
62.0
61.4
57.599999999999994
60.8
57.99999999999999
61.0
62.6
63.0
63.6
61.0
62.4
59.4
64.8
62.8
66.0
65.60000000000001
67.80000000000001
66.0
64.2
64.2
67.0
66.60000000000001
66.2
68.0
66.0
64.4
62.4
64.8
64.8
65.4
68.0
67.80000000000001
67.60000000000001
67.60000000000001
66.60000000000001
67.0
66.2
67.0
67.4
62.0
67.0
65.60000000000001
69.39999999999999
67.80000000000001
65.60000000000001
68.0
66.60000000000001
68.8
67.2
67.2
65.0
69.6
69.19999999999999
67.2
66.4
65.60000000000001
67.4
68.8
66.60000000000001
67.60000000000001
68.4
67.2
67.60000000000001
67.60000000000001
68.4
70.6
