14.6
19.6
23.0
27.200000000000003
28.000000000000004
31.4
34.0
38.0
38.2
41.199999999999996
41.8
43.2
43.8
44.4
47.599999999999994
49.6
50.0
50.2
55.800000000000004
54.2
53.800000000000004
54.2
52.2
57.199999999999996
55.00000000000001
55.00000000000001
54.0
58.4
58.4
57.99999999999999
56.599999999999994
57.199999999999996
55.400000000000006
57.8
57.99999999999999
56.39999999999999
54.800000000000004
56.99999999999999
57.99999999999999
56.99999999999999
57.599999999999994
57.4
56.99999999999999
59.599999999999994
56.00000000000001
56.39999999999999
58.8
60.199999999999996
56.8
58.199999999999996
58.4
56.99999999999999
58.599999999999994
56.00000000000001
56.99999999999999
60.0
58.599999999999994
59.0
60.4
61.199999999999996
59.4
58.199999999999996
57.8
55.800000000000004
60.8
59.599999999999994
58.8
59.0
56.2
59.4
57.99999999999999
57.599999999999994
59.4
58.599999999999994
60.0
59.8
61.4
61.0
58.199999999999996
59.4
58.4
58.599999999999994
58.599999999999994
61.4
57.199999999999996
58.4
57.599999999999994
59.8
57.199999999999996
56.99999999999999
59.4
58.599999999999994
58.4
56.8
57.8
60.199999999999996
59.8
61.0
57.99999999999999
59.4
