1124.4896833896637
12.659999999999998
10.0
10.01
10.0
10.13
10.0
10.02
10.47
10.94
11.690000000000001
13.11
14.95
19.62
20.18
22.61
25.729999999999997
28.410000000000004
29.59
29.99
35.730000000000004
36.11
38.06
38.3
39.86
38.76
41.660000000000004
41.53
42.24
41.53
43.15
44.21
43.830000000000005
43.8
46.88
47.44
47.47
48.78
48.620000000000005
49.96
49.44
50.03999999999999
49.05
50.3
48.29
51.43
50.24999999999999
52.290000000000006
51.41
51.1
51.790000000000006
51.54
52.910000000000004
52.25
51.81
52.849999999999994
51.67
52.61
52.73
53.76
52.75
54.36
54.85
54.33
53.949999999999996
54.449999999999996
54.290000000000006
55.28999999999999
53.37
54.58
54.339999999999996
55.32
54.87
54.94
55.230000000000004
55.720000000000006
53.779999999999994
55.34
55.02
56.68
55.910000000000004
56.21000000000001
56.330000000000005
56.82000000000001
56.42
55.75
56.93
55.54
56.46
56.269999999999996
56.65
56.64
56.510000000000005
56.830000000000005
57.35
56.38999999999999
57.47
57.21000000000001
57.58
57.32000000000001
56.52
