14791.125820875168
15.27
10.33
22.78
37.26
35.809999999999995
40.400000000000006
45.12
50.33
48.69
56.45
56.14
63.51
60.0
62.370000000000005
61.56
65.41
59.97
67.58999999999999
61.57
69.71000000000001
68.95
71.6
69.63000000000001
73.38
74.08
73.34
72.21
73.13
70.17
71.95
70.19
75.4
74.83
75.86
75.26
76.41
75.56
78.14
76.7
76.75
73.4
76.81
75.92999999999999
78.31
76.63
76.62
77.37
77.23
76.85
78.78
78.46
79.67999999999999
80.46
81.36
80.04
81.17999999999999
81.41000000000001
80.73
81.06
82.56
82.98
82.17999999999999
82.54
82.44
82.75
83.02000000000001
82.74000000000001
81.08999999999999
79.91
83.39999999999999
82.33
81.95
82.87
83.53
82.21000000000001
84.28
83.07
84.34
84.21
83.35000000000001
82.95
84.81
83.82
83.87
84.2
84.91
84.13000000000001
84.97
83.61
85.44
84.21
84.95
83.38
85.06
83.55
84.09
84.59
85.21
85.82
85.08
