11943.152869939804
10.0
10.66
12.44
22.009999999999998
32.269999999999996
36.3
40.65
40.62
44.9
45.540000000000006
48.66
50.160000000000004
53.03
56.769999999999996
57.76
56.32
60.96
61.660000000000004
62.019999999999996
64.48
61.88
65.82000000000001
64.63
65.98
65.48
62.519999999999996
66.16
65.34
67.12
67.56
66.84
64.85
67.43
64.2
64.81
65.77
66.03999999999999
64.75
65.67
65.45
65.85
63.42
64.05
65.61
67.49000000000001
64.55
63.74999999999999
66.14
61.46
61.919999999999995
64.91
61.4
62.41
62.81
63.78
63.39
65.16999999999999
64.27000000000001
63.949999999999996
64.05999999999999
62.41
63.980000000000004
62.239999999999995
64.44
61.46
62.72
59.72
64.53
63.349999999999994
62.71
63.17
62.99
63.239999999999995
63.0
63.04
62.82
61.95
62.4
60.040000000000006
58.58
60.28
60.97
62.36000000000001
61.42999999999999
63.42
61.419999999999995
62.7
59.86
60.150000000000006
59.230000000000004
61.63999999999999
63.370000000000005
59.36
60.480000000000004
58.18
59.97
59.58
59.95
62.46000000000001
58.160000000000004
