21865.097594976425
10.0
11.110000000000001
25.09
29.720000000000002
39.11
37.01
46.78
42.95
47.56
42.84
42.95
37.59
36.58
35.39
33.76
29.799999999999997
30.0
28.99
30.18
29.39
29.03
28.71
29.42
29.09
29.099999999999998
28.849999999999998
28.1
28.48
28.38
27.32
27.26
28.63
27.88
25.779999999999998
26.83
25.2
25.619999999999997
25.540000000000003
25.61
23.22
24.740000000000002
21.34
24.45
20.79
23.96
20.31
21.759999999999998
20.880000000000003
23.369999999999997
19.61
22.68
17.84
23.82
18.6
20.95
18.77
21.37
16.99
19.02
16.76
17.849999999999998
15.509999999999998
17.76
16.009999999999998
18.55
16.150000000000002
16.689999999999998
14.829999999999998
17.19
16.55
16.11
16.53
16.41
15.78
15.229999999999999
15.03
15.110000000000001
16.09
16.150000000000002
14.580000000000002
15.45
15.24
15.14
14.52
15.590000000000002
13.950000000000001
14.97
13.950000000000001
15.329999999999998
13.420000000000002
15.540000000000001
13.569999999999999
15.45
13.889999999999999
13.94
12.85
12.93
12.45
13.01
12.49
