1747.5788700580597
10.0
10.0
10.0
16.5
10.0
10.08
12.75
18.82
21.63
23.549999999999997
25.44
27.01
30.89
32.910000000000004
35.77
37.47
39.7
38.73
41.74
42.92
44.89
45.519999999999996
48.24
47.63
48.980000000000004
49.830000000000005
50.49
50.57000000000001
52.290000000000006
52.56999999999999
52.669999999999995
53.949999999999996
53.779999999999994
54.49
55.14
54.669999999999995
55.36
55.86
55.78999999999999
56.69
56.95
56.86
57.879999999999995
57.28
57.830000000000005
58.19
58.940000000000005
58.599999999999994
59.31999999999999
59.46
59.870000000000005
60.36
60.419999999999995
60.540000000000006
61.07
60.72
61.3
61.41
61.339999999999996
62.0
61.86000000000001
62.580000000000005
62.370000000000005
62.35000000000001
62.91
63.029999999999994
63.12
63.43
63.31
64.35
64.14
64.34
64.41
64.31
64.92
64.86
65.01
65.47
65.06
65.56
65.88000000000001
65.91
65.42999999999999
66.08000000000001
65.98
66.36999999999999
66.0
66.06
66.16
66.3
66.7
66.67999999999999
66.9
66.57
67.12
67.25
67.5
67.17
67.27
67.4
