1590.409038066864
9.84
9.93
10.0
11.08
10.0
10.31
18.08
14.069999999999999
20.69
22.68
25.8
27.36
30.98
33.81
35.39
37.22
38.53
38.42
39.69
41.15
41.660000000000004
42.809999999999995
44.66
44.440000000000005
44.98
46.56
47.82
47.83
49.29
49.54
50.14999999999999
50.62
51.04
51.73
52.959999999999994
52.44
53.349999999999994
53.849999999999994
54.31
54.669999999999995
55.66
55.900000000000006
56.32
56.38999999999999
57.089999999999996
56.82000000000001
57.67
57.79
58.4
58.51
59.27
59.31999999999999
59.29
60.3
60.56
60.160000000000004
61.28
60.86
61.19
62.050000000000004
61.41
62.41
62.370000000000005
62.5
63.13999999999999
62.79
63.28
63.75999999999999
63.470000000000006
63.94
63.99
64.87
64.35
64.33
65.16
65.62
65.41
65.49000000000001
65.66
66.18
65.66
66.05
66.3
66.22
66.29
66.85
67.08
66.3
66.60000000000001
67.08
67.01
67.30000000000001
67.92
68.07
67.80000000000001
67.54
67.93
67.78999999999999
68.39
68.13
