19973.950605869293
12.86
10.07
27.24
31.490000000000002
38.82
38.18
42.28
43.4
47.449999999999996
52.910000000000004
53.93
57.36
52.0
59.63
58.02
65.75
62.050000000000004
67.43
62.470000000000006
69.65
65.22
71.33
68.92
72.43
71.46000000000001
72.98
69.99
71.00999999999999
69.25
72.19
72.28999999999999
74.8
75.61
76.0
75.79
75.85
75.98
77.98
78.35
79.14999999999999
78.91
79.08
79.67999999999999
79.71000000000001
79.36999999999999
79.13
79.49000000000001
79.36999999999999
80.02
79.14
80.27
79.4
80.78999999999999
80.44
80.52
80.01
80.05
79.33
80.15
79.22
79.73
80.52
81.49
82.49
82.89999999999999
83.16
82.80999999999999
82.91
83.22
83.15
82.6
83.06
82.85
83.12
83.87
83.39999999999999
83.74000000000001
83.57
83.99
84.19
84.03
84.23
83.66
83.58
84.47
84.35000000000001
84.64
84.72
84.66
84.61999999999999
84.46000000000001
84.91
84.3
84.61
84.32
84.71
84.08
84.81
84.11999999999999
84.55
