1895.2687158584595
10.0
20.86
25.790000000000003
32.64
34.18
37.65
43.03
40.02
43.59
49.34
50.0
44.15
47.36
50.06
55.28999999999999
48.68
58.099999999999994
55.31
61.44
59.9
64.14
65.73
63.580000000000005
67.17999999999999
66.86999999999999
65.45
66.2
63.41
62.49
68.99
72.19
69.08999999999999
70.24000000000001
68.08
70.71
71.8
74.09
71.76
75.53999999999999
70.14
74.14
71.7
74.24
71.26
75.53
68.74
76.67
73.91
72.89999999999999
76.08
73.47
75.14
75.85
77.39
74.22
76.78
76.61
79.43
77.66999999999999
79.64
78.97
81.03
80.88
79.86
79.63
79.71000000000001
79.97
76.27000000000001
79.67999999999999
77.8
79.67999999999999
79.17
80.35
79.86
80.73
77.86
79.36999999999999
82.45
80.66
81.67999999999999
80.62
82.26
82.03
81.58
81.3
82.17
82.04
78.64
81.69999999999999
76.35
80.21000000000001
82.94
81.99
79.66
82.33
79.67
83.08
82.67
82.93
81.21000000000001
