1914.6711921691895
10.0
16.03
9.65
11.21
10.01
14.19
10.33
11.53
20.51
19.1
19.85
23.97
25.019999999999996
30.78
32.34
35.66
36.97
40.37
42.11
43.55
44.26
45.64
47.05
47.74
48.55
49.75
50.24999999999999
51.57000000000001
51.9
52.949999999999996
53.38
53.779999999999994
54.49
55.15
55.65
55.94
56.699999999999996
57.05
57.21000000000001
57.940000000000005
58.550000000000004
58.86
59.3
59.89
59.489999999999995
60.050000000000004
60.529999999999994
60.79
61.1
61.38
61.79
62.21
62.150000000000006
62.519999999999996
63.190000000000005
62.59
63.22
63.580000000000005
63.870000000000005
64.16
64.25
64.58
64.66
65.14
65.35
65.42
65.66
65.34
66.05
66.22
66.2
66.14999999999999
66.49000000000001
66.45
66.53999999999999
66.46
67.17
67.04
66.91
67.45
67.24
67.22
67.12
67.54
67.81
67.84
68.08999999999999
68.27
68.39
68.2
68.64
68.13
68.75
68.33
68.76
68.60000000000001
69.05
68.72
69.27
68.89
