21006.64052629471
10.0
11.05
10.0
15.39
30.86
38.550000000000004
40.42
42.41
45.379999999999995
48.449999999999996
51.03
55.720000000000006
57.56
59.4
62.31
63.56
64.56
65.84
66.23
66.79
67.21000000000001
67.32000000000001
67.06
68.32000000000001
67.64
68.28
67.0
67.93
68.27
67.52
66.75
67.74
66.24
66.75
66.83
66.64999999999999
65.62
64.95
65.51
65.59
65.75999999999999
65.49000000000001
64.81
64.77000000000001
62.260000000000005
63.519999999999996
63.27
64.72
64.0
64.1
63.14999999999999
61.839999999999996
62.51
60.040000000000006
61.980000000000004
60.309999999999995
61.529999999999994
61.19
59.79
59.48
58.84
58.96
59.870000000000005
58.550000000000004
57.269999999999996
58.81999999999999
59.330000000000005
58.28
58.96
56.99999999999999
56.330000000000005
57.29
56.99999999999999
58.3
58.29
57.010000000000005
56.489999999999995
55.730000000000004
56.95
55.85
55.66
55.55
56.67
56.13
55.65
55.88999999999999
55.47
55.47
55.25
55.38999999999999
56.37
54.25
54.61
55.63
55.11000000000001
55.38999999999999
52.410000000000004
53.14
53.99
53.620000000000005
