21710.664632081985
10.0
10.0
25.419999999999998
34.06
37.89
42.11
46.6
50.59
53.800000000000004
57.36
59.39
62.73
63.33
66.4
65.60000000000001
68.41000000000001
66.59
70.46
67.88
71.56
68.25
72.31
68.22
71.99
68.01
72.86
69.19
73.03
69.33
72.82
70.16
73.92999999999999
71.81
74.26
71.99
74.37
73.47
75.33999999999999
75.21
75.53999999999999
75.58
75.87
76.17
76.95
77.13
76.25
77.10000000000001
76.25
77.78
76.27000000000001
78.19
77.03
78.18
77.34
78.84
77.19
78.3
77.53999999999999
78.06
77.24
78.53
77.42999999999999
78.42
77.28
78.36999999999999
78.13
78.77
77.99000000000001
78.88
77.97
78.02
78.23
78.24
78.45
78.22
77.59
78.74
77.59
79.56
75.96000000000001
79.13
76.44999999999999
78.69
75.94999999999999
78.47
75.56
78.95
77.31
78.48
77.60000000000001
78.09
77.14999999999999
77.99000000000001
77.06
78.18
77.07000000000001
78.03999999999999
77.57
77.9
78.51
