11087.81814622879
10.58
10.89
28.96
34.46
36.18
40.0
47.23
40.52
48.69
45.79
56.11000000000001
46.98
51.38
43.39
58.57
45.4
57.84
50.61
58.940000000000005
55.43
59.69
63.63999999999999
59.84
62.580000000000005
56.330000000000005
55.489999999999995
64.64999999999999
58.57
60.89
54.22
61.3
54.43
63.75999999999999
54.87
62.529999999999994
55.02
65.82000000000001
54.2
63.449999999999996
51.12
59.47
51.339999999999996
59.58
57.05
61.99
51.38
56.8
57.730000000000004
54.48
60.49
58.8
52.83
59.48
54.53
57.91
52.94
61.73
57.720000000000006
52.25
58.74
56.67
59.63
55.58
62.39
51.88
63.14999999999999
49.17
59.69
52.25
57.220000000000006
55.230000000000004
59.17
51.43
55.489999999999995
51.73
56.720000000000006
46.48
53.910000000000004
49.65
49.94
56.87
48.949999999999996
51.68000000000001
54.25
54.2
52.43
52.26
49.02
44.769999999999996
46.85
51.04
50.05
50.83
49.33
44.5
52.470000000000006
48.339999999999996
43.56
53.11
36.620000000000005
