3742.2783381938934
9.71
20.66
23.23
33.77
33.77
41.43
43.21
50.05
49.79
53.480000000000004
52.910000000000004
55.86
56.54
59.93000000000001
60.5
62.22
62.470000000000006
64.74
64.64
65.09
66.71000000000001
66.52
67.67
67.43
68.89
69.44
70.26
70.05
71.83
71.31
72.75
71.98
73.81
73.21
74.81
73.76
75.35
74.51
76.47
74.83999999999999
76.92999999999999
75.89
77.64999999999999
76.42999999999999
78.14
77.42
78.86999999999999
78.19
79.33
78.74
79.69000000000001
79.29
79.77
79.07
80.02
79.49000000000001
80.53
80.14
80.60000000000001
80.80000000000001
80.93
80.83
81.21000000000001
81.03
81.34
81.39999999999999
81.65
81.65
81.95
82.11
82.11
82.0
82.37
82.69999999999999
82.75
82.62
82.83
82.92
82.69999999999999
83.2
82.84
83.24000000000001
83.27
83.07
83.46000000000001
83.67
83.62
83.64
83.8
83.97
83.72
83.77
84.06
84.25
83.91
84.13000000000001
83.96000000000001
84.36
84.32
84.37
