2584.6935362815857
9.180000000000001
18.77
26.290000000000003
32.1
32.7
40.38
39.82
44.68
44.91
49.76
52.349999999999994
55.669999999999995
55.75
55.66
59.8
61.18
60.35
63.21
62.239999999999995
64.99000000000001
65.47
65.74
65.53
65.74
66.11
67.27
64.85
67.13
65.93
69.69
69.57
69.07
72.18
71.09
71.91
70.94
73.22999999999999
72.8
72.85000000000001
73.64
70.22
74.28
71.12
74.31
68.92
74.2
72.04
73.50999999999999
73.02
74.53999999999999
73.05
75.47
71.91
75.75
75.48
73.42999999999999
74.76
75.38
75.09
75.64
74.2
76.89
74.16
76.79
73.31
76.91
73.03
76.28
72.03
73.72
76.11
72.68
74.68
71.27
76.52
73.47
74.53999999999999
74.92999999999999
74.4
71.27
73.33
75.1
74.7
71.72
73.11
75.33
73.96000000000001
73.34
76.13
71.33
71.78
71.13000000000001
73.14
71.94
73.83999999999999
67.91
74.05000000000001
71.7
71.92
70.12
