1313.257575750351
10.0
9.58
10.0
10.0
10.040000000000001
10.0
13.77
10.16
10.65
18.48
18.61
22.06
24.779999999999998
24.62
28.199999999999996
30.14
34.339999999999996
34.89
38.519999999999996
38.3
38.59
41.27
41.410000000000004
42.8
42.83
43.730000000000004
41.4
44.81
43.99
45.94
45.43
46.42
46.06
46.54
46.379999999999995
45.56
48.54
47.46
47.760000000000005
47.46
47.89
49.9
50.33
49.58
51.57000000000001
49.769999999999996
48.85
49.79
51.470000000000006
50.72
50.41
52.2
49.8
51.5
50.5
51.980000000000004
52.09
51.129999999999995
51.459999999999994
51.24999999999999
52.15
50.56
50.739999999999995
52.26
52.28
51.12
51.910000000000004
51.18000000000001
52.239999999999995
51.39
51.55
51.74999999999999
52.129999999999995
53.059999999999995
52.14
51.949999999999996
53.15
53.28000000000001
52.75
53.16
52.22
53.910000000000004
51.870000000000005
53.64
52.94
53.7
51.129999999999995
53.52
53.349999999999994
53.480000000000004
52.99
53.169999999999995
54.48
53.55
54.98
54.66
54.65
54.04
53.269999999999996
53.98
