3894.21112036705
10.0
10.0
10.530000000000001
18.01
23.27
26.340000000000003
29.99
35.93
36.1
39.76
41.77
42.94
42.61
44.67
45.94
48.480000000000004
48.0
49.13
51.2
50.78
53.349999999999994
52.07000000000001
53.949999999999996
53.65
55.71
59.41
59.64
58.89
60.23
61.11
63.05
63.55
63.67
62.82
64.81
64.60000000000001
63.42
63.85999999999999
65.03999999999999
65.48
63.05
64.2
61.31999999999999
67.03
64.57000000000001
65.36999999999999
66.94
66.83
65.81
66.36999999999999
68.60000000000001
67.30000000000001
69.41000000000001
67.61
69.35
68.89
69.55
71.03
70.78
70.82000000000001
70.89
70.82000000000001
71.1
70.7
69.48
72.7
71.65
72.56
72.88
71.72
71.43
72.66
70.76
72.78999999999999
74.14
73.07000000000001
73.66
72.74000000000001
72.50999999999999
73.04
73.88
72.61
73.46000000000001
74.33999999999999
74.22
74.09
75.13
75.3
74.83
73.65
75.72
74.42999999999999
72.00999999999999
74.53999999999999
74.2
74.00999999999999
74.65
74.19
74.79
74.96000000000001
