959.7044122219086
12.870000000000001
10.0
9.99
10.0
10.66
9.91
10.61
10.65
12.41
14.38
20.61
18.09
24.099999999999998
24.560000000000002
28.51
28.389999999999997
33.040000000000006
35.57
31.85
34.53
36.67
35.120000000000005
39.879999999999995
38.93
38.09
38.85
37.49
39.58
38.85
39.1
43.37
43.29
39.85
42.72
41.75
43.4
45.34
45.440000000000005
46.47
42.18
44.190000000000005
45.53
45.31
42.64
45.5
44.39
46.56
46.17
44.83
46.35
46.400000000000006
47.05
47.760000000000005
46.63
46.68
45.019999999999996
46.589999999999996
46.150000000000006
48.32
47.27
48.339999999999996
48.0
49.0
45.85
47.93
48.339999999999996
48.14
46.19
47.22
48.03
49.6
48.41
48.809999999999995
47.08
46.44
45.15
48.559999999999995
48.54
48.75
49.919999999999995
49.74
49.38
48.92
48.559999999999995
46.51
50.71
45.6
48.97
49.220000000000006
47.27
49.28
50.46000000000001
49.38
48.99
50.03999999999999
50.01
50.239999999999995
49.75
49.78
48.28
