18745.927526950836
10.0
10.0
27.250000000000004
34.29
36.51
38.92
41.980000000000004
44.13
46.97
51.83
54.13
56.95
53.18000000000001
60.33
58.89
65.63
61.86000000000001
67.7
61.339999999999996
69.69999999999999
66.0
71.53
68.54
72.85000000000001
72.06
74.31
72.25
74.89
72.31
74.95
74.59
76.21
76.03
77.18
76.42
76.92
76.07000000000001
77.96
77.69
78.96
78.38000000000001
79.85
79.12
80.57
80.15
80.67
79.91
80.96
80.17999999999999
81.23
81.21000000000001
81.71000000000001
81.2
81.45
81.31
82.39
81.58999999999999
82.22
82.03
82.17
82.89
82.89
82.56
82.61
82.52000000000001
82.78999999999999
83.12
82.96
82.92
83.28
82.75
82.87
82.62
83.62
83.17
82.96
83.06
82.54
83.27
84.19
83.67
84.46000000000001
84.04
84.0
84.56
84.38
84.37
84.61999999999999
84.21
84.54
84.05
85.24000000000001
84.68
84.86
83.73
85.11999999999999
83.83
85.50999999999999
84.53
85.71
