20952.092744588852
10.0
10.0
26.3
33.12
39.62
43.25
47.32
50.55
53.15
56.779999999999994
59.31999999999999
62.050000000000004
62.68
65.74
64.79
68.7
67.0
70.48
68.32000000000001
71.57
69.31
72.08
70.89
73.29
71.43
73.75
72.5
74.19
73.36
74.64
74.1
75.27000000000001
74.95
75.71
75.52
76.57000000000001
76.7
77.66
77.42
78.13
78.17
78.67
78.56
79.66
79.45
79.84
79.88
80.22
80.04
80.76
80.71000000000001
81.31
81.01
81.67
81.52000000000001
82.31
81.64
82.52000000000001
81.91000000000001
82.56
82.23
82.85
82.26
83.14
82.59
83.33
83.33
83.63000000000001
83.35000000000001
84.1
84.04
84.14
83.72
84.23
84.17
84.35000000000001
84.48
84.71
84.43
84.6
84.53
84.89999999999999
84.68
84.74000000000001
84.58
84.82
84.89999999999999
85.05
84.95
85.21
84.73
85.34
85.07000000000001
85.67
85.28999999999999
85.65
85.3
85.53
85.6
85.74000000000001
