20.200000000000003
39.6
47.599999999999994
49.0
49.8
55.400000000000006
57.8
59.0
58.8
63.6
62.6
63.800000000000004
67.0
67.4
67.60000000000001
66.60000000000001
68.2
66.8
71.6
69.0
69.8
70.6
70.6
69.39999999999999
71.39999999999999
72.39999999999999
71.6
72.2
72.6
72.2
73.0
70.39999999999999
73.6
73.6
75.0
75.2
73.6
75.4
74.0
74.8
74.2
74.6
76.2
78.0
76.6
77.4
76.8
78.4
77.0
74.4
75.4
77.2
77.0
75.4
75.6
78.8
77.8
78.4
78.60000000000001
76.0
77.8
77.60000000000001
75.4
77.8
79.4
77.0
77.60000000000001
77.60000000000001
78.60000000000001
77.60000000000001
80.0
76.0
79.2
79.60000000000001
76.6
80.80000000000001
81.39999999999999
80.0
80.80000000000001
79.60000000000001
78.8
78.4
81.0
78.4
80.80000000000001
80.4
77.8
79.2
80.60000000000001
79.2
79.2
80.0
80.0
80.2
80.0
81.0
80.0
79.80000000000001
81.0
80.80000000000001
