1863.4718446731567
10.0
10.100000000000001
10.01
11.940000000000001
11.3
10.02
18.08
18.759999999999998
22.29
24.15
23.3
28.17
30.620000000000005
33.31
33.44
36.99
36.74
39.81
41.13
41.370000000000005
43.580000000000005
44.59
44.940000000000005
44.97
45.839999999999996
46.33
47.3
47.97
48.17
48.47
49.14
49.58
49.76
50.449999999999996
50.01
49.85
51.42
51.7
52.38
52.31
52.1
51.54
52.739999999999995
52.580000000000005
53.12
53.23
52.900000000000006
54.400000000000006
53.779999999999994
53.43
53.36
54.36
54.55
55.08
54.94
54.730000000000004
55.63
54.84
55.089999999999996
55.00000000000001
56.35
55.83
56.14
54.99000000000001
56.76
56.10000000000001
56.24
56.05
56.04
56.08
55.71
56.49999999999999
56.57
56.21000000000001
56.989999999999995
55.84
56.89999999999999
56.99999999999999
57.440000000000005
56.89999999999999
56.940000000000005
57.64
57.709999999999994
57.96
57.57
57.93000000000001
58.160000000000004
57.82000000000001
58.35
58.52
58.56
59.3
59.309999999999995
58.25
58.620000000000005
58.709999999999994
58.650000000000006
59.709999999999994
59.36
59.650000000000006
