2615.71316242218
10.0
16.75
25.75
33.83
32.54
40.44
37.76
43.419999999999995
45.739999999999995
48.74
50.33
54.55
54.36
54.06999999999999
59.81999999999999
58.79
60.260000000000005
60.29
60.480000000000004
63.18
65.23
65.58
65.85
66.53999999999999
67.06
66.7
65.69
69.32000000000001
67.13
70.64
68.04
70.30999999999999
70.67
71.00999999999999
71.92
71.61
72.54
72.39999999999999
74.29
74.55000000000001
71.57
73.39
72.08
74.88
72.7
74.83
73.88
73.3
73.89
75.2
74.75
75.27000000000001
77.25999999999999
78.63
77.28
78.94
79.02
78.53999999999999
78.52
79.9
79.77
80.17
80.12
79.64
79.60000000000001
80.81
79.99000000000001
79.4
78.05
81.67999999999999
80.91000000000001
78.66
80.9
80.65
81.56
81.07
81.95
80.72
81.63
77.79
80.24
80.88
81.74
81.39999999999999
82.47
83.14
82.39
82.88
81.54
81.83
82.26
81.19
81.97
81.56
82.42
81.27
83.16
81.22
82.91
82.83
