16519.50604891777
10.0
10.040000000000001
13.54
20.990000000000002
28.849999999999998
37.04
41.91
43.88
45.94
49.64
52.470000000000006
55.63
56.35
59.61
60.74
62.019999999999996
63.2
64.14999999999999
64.44
65.06
66.46
66.29
66.44
65.56
67.29
66.77
67.58999999999999
67.60000000000001
68.13
67.67
66.7
66.69
65.84
66.51
65.96
66.51
65.56
65.61
64.61
63.85999999999999
62.6
63.57000000000001
62.44
62.91
62.12
61.050000000000004
61.77
60.42999999999999
62.06
62.050000000000004
62.370000000000005
62.72
60.8
60.3
61.18
59.150000000000006
58.81999999999999
58.08
59.099999999999994
58.489999999999995
58.28
59.019999999999996
55.71
58.25
57.379999999999995
58.39
58.309999999999995
59.419999999999995
57.85
56.84
57.879999999999995
55.7
58.489999999999995
55.42
57.67
56.379999999999995
54.83
56.93
54.49
56.34
56.220000000000006
55.84
53.38
54.279999999999994
55.1
54.84
54.66
55.010000000000005
56.39999999999999
54.43
53.14
53.7
54.37
55.230000000000004
55.059999999999995
54.48
51.38
54.04
53.02
52.49
