15225.639897346497
10.01
14.299999999999999
21.790000000000003
37.63
36.8
42.33
45.03
49.980000000000004
48.79
54.39000000000001
54.83
62.41
59.919999999999995
60.589999999999996
59.19
63.480000000000004
58.209999999999994
63.99
58.02
65.88000000000001
65.18
64.99000000000001
64.84
68.16
67.03
68.58
65.02
67.36999999999999
63.38
65.53999999999999
65.16999999999999
65.91
67.61
67.78999999999999
67.62
69.81
68.63
69.84
66.25999999999999
67.67999999999999
64.7
64.05999999999999
65.38000000000001
66.69
65.29
65.78
68.22
62.17
65.85
65.42999999999999
69.05
67.75
68.22
67.01
71.53
67.66
67.39
67.10000000000001
71.66
69.19999999999999
66.56
65.99000000000001
67.96
66.64
67.34
64.55
65.5
65.07
63.739999999999995
61.550000000000004
64.53999999999999
67.47999999999999
65.42999999999999
61.21
69.58
64.52
65.86
64.38000000000001
63.73
65.35
61.42999999999999
64.45
64.22
59.53000000000001
66.0
61.809999999999995
65.3
62.93
64.45
60.809999999999995
61.44
59.830000000000005
61.78
62.019999999999996
57.989999999999995
60.660000000000004
57.269999999999996
66.52
53.42
59.29
