2759.6938076019287
12.22
13.77
19.5
24.43
27.650000000000002
33.98
34.27
39.93
42.38
47.21
47.67
51.9
51.27
53.23
55.98
57.93000000000001
58.68
59.589999999999996
61.07
62.69
63.27
63.4
63.970000000000006
63.39
64.60000000000001
66.38
67.61
67.39
66.71000000000001
68.10000000000001
68.06
68.65
67.95
70.85000000000001
69.67999999999999
69.6
70.6
71.71
71.54
72.96000000000001
72.09
73.36
73.27
73.7
73.59
74.22
73.82
74.62
74.55000000000001
74.57000000000001
74.00999999999999
74.64
75.21
74.19
75.08
75.57000000000001
74.75
75.49
75.83
74.65
75.86
76.03999999999999
76.27000000000001
76.06
75.17
75.99000000000001
75.89
75.39
74.39
74.91
75.87
74.94
76.31
75.5
74.58
75.94999999999999
75.22
75.73
75.77000000000001
75.98
75.51
75.78
74.59
75.3
75.33999999999999
74.31
75.36
74.99
76.42999999999999
75.73
74.06
74.92999999999999
74.35000000000001
75.07000000000001
75.91
75.3
74.83999999999999
76.21
74.22
72.85000000000001
