19466.675054073334
10.0
10.01
26.169999999999998
31.790000000000003
37.0
35.57
41.32
41.52
45.73
49.2
51.62
54.66
51.31
59.4
55.69
64.98
57.66
67.66
59.089999999999996
69.07
61.44
70.72
64.14
69.19
66.14999999999999
69.33
67.33
69.22
66.47999999999999
69.67999999999999
67.85
68.38
67.78999999999999
70.44
67.97999999999999
68.26
64.98
65.78
67.67
64.33
68.07
63.85999999999999
66.3
62.94
67.61
62.1
64.03999999999999
61.38
60.86
61.35
59.260000000000005
60.160000000000004
59.86
56.00000000000001
59.75
59.209999999999994
57.9
58.199999999999996
55.800000000000004
58.099999999999994
54.0
57.699999999999996
55.64
54.63
53.839999999999996
54.39000000000001
50.870000000000005
55.04
50.64999999999999
54.53
50.5
56.61000000000001
50.51
56.24
48.79
56.47
48.370000000000005
55.089999999999996
46.71
49.519999999999996
43.8
48.96
47.660000000000004
51.5
44.47
49.519999999999996
49.53
44.769999999999996
49.78
44.85
50.63999999999999
42.41
48.38
40.96
47.58
43.01
47.19
41.410000000000004
48.199999999999996
42.03
