3725.2589826583862
9.62
21.83
23.330000000000002
34.4
35.010000000000005
43.39
45.12
50.07
50.17
53.76
53.449999999999996
56.92
57.13
59.28
60.68
61.96
62.739999999999995
63.800000000000004
65.27
64.38000000000001
66.27
65.52
67.19000000000001
66.59
68.61
68.36
70.05
69.37
71.64
70.25
72.48
71.82
73.99
72.39999999999999
74.77000000000001
73.1
75.94999999999999
73.97
76.75
74.36
76.92
75.49
77.53
76.7
78.03
77.18
78.75999999999999
78.16
79.12
78.45
79.49000000000001
79.28
80.25999999999999
79.22
80.73
79.41
81.22
80.16
81.15
80.77
81.55
80.81
81.78999999999999
80.87
81.67999999999999
81.56
82.15
81.77
82.61
82.17999999999999
82.67
81.92
82.72
82.74000000000001
82.85
82.95
82.91
82.89
82.66
83.13000000000001
83.16
83.36
83.11
83.39999999999999
83.57
83.75
83.67
83.94
83.73
83.87
84.08
83.82
83.75
84.54
83.67
84.63000000000001
83.88
84.66
84.17999999999999
84.69
