1681.8708686828613
9.92
14.510000000000002
10.0
10.32
10.0
12.520000000000001
10.0
10.02
10.84
22.2
24.560000000000002
27.150000000000002
26.51
30.4
32.43
31.259999999999998
35.21
34.04
34.910000000000004
35.97
35.94
37.97
39.53
39.04
39.33
40.89
41.17
40.489999999999995
40.98
41.339999999999996
42.13
43.169999999999995
43.11
43.71
44.71
43.72
43.64
45.03
45.72
44.61
46.44
46.26
45.87
46.08
46.31
46.67
47.13
47.010000000000005
47.21
46.9
48.57
47.39
48.199999999999996
48.26
48.0
47.55
49.05
47.949999999999996
49.230000000000004
48.29
48.08
49.61
49.6
49.96
48.949999999999996
49.39
50.239999999999995
49.51
48.620000000000005
51.67
50.019999999999996
50.12
49.54
49.86
50.22
50.529999999999994
50.83
50.61
50.3
51.160000000000004
50.870000000000005
51.080000000000005
50.41
51.82
51.800000000000004
52.15
52.28
51.27
51.71
52.52
51.55
53.080000000000005
52.76
52.739999999999995
51.7
52.51
53.15
53.21
53.65
53.68000000000001
