15.2
7.3999999999999995
7.3999999999999995
49.8
46.6
47.8
54.2
51.800000000000004
57.199999999999996
56.2
60.199999999999996
60.6
62.4
61.0
59.199999999999996
65.60000000000001
58.199999999999996
60.0
65.2
61.8
62.6
61.8
61.8
62.2
65.4
55.00000000000001
62.0
63.2
60.199999999999996
65.0
60.199999999999996
59.8
61.4
59.0
59.8
62.2
57.99999999999999
56.99999999999999
63.0
59.199999999999996
56.00000000000001
55.00000000000001
59.8
56.99999999999999
60.8
56.599999999999994
54.0
59.599999999999994
52.0
52.6
55.400000000000006
54.400000000000006
52.400000000000006
50.6
52.400000000000006
48.8
48.6
48.199999999999996
50.2
50.4
47.8
45.6
48.0
52.0
39.6
41.199999999999996
40.6
46.400000000000006
47.8
41.6
43.8
39.6
44.2
44.800000000000004
40.2
36.6
37.6
33.6
39.0
37.6
39.800000000000004
37.8
33.0
35.6
39.6
32.0
34.8
37.2
35.0
37.0
32.6
38.2
34.4
29.2
32.4
31.8
32.2
23.0
26.200000000000003
27.200000000000003
