10686.065482378006
10.97
10.01
29.110000000000003
32.09
35.699999999999996
40.96
46.63
42.199999999999996
48.49
47.410000000000004
55.46
48.209999999999994
51.1
46.68
58.160000000000004
51.15
62.7
56.769999999999996
65.71000000000001
64.83
67.24
69.81
71.17999999999999
70.19
70.03
66.41
69.69
66.91
68.63
68.15
74.35000000000001
69.43
74.74
68.87
73.4
75.11
75.71
74.26
77.53999999999999
73.83999999999999
76.74
73.98
74.55000000000001
73.91
76.21
74.13
77.35
76.01
75.73
76.96
75.61
75.91
76.37
78.57
74.83999999999999
78.28
76.7
79.2
76.39
81.39
79.32000000000001
82.21000000000001
81.78
80.67
81.65
79.55
81.83
78.02
80.78
80.53
82.1
81.71000000000001
82.08
81.61
80.89
77.42
81.07
83.44
83.35000000000001
84.19
81.84
83.66
83.16
83.09
83.35000000000001
83.5
82.22
81.82000000000001
82.19
79.09
83.23
83.49
82.17
81.46
84.88
83.50999999999999
85.22999999999999
85.44
85.0
84.81
