1015.1354620456696
10.0
10.0
10.0
10.36
10.0
10.100000000000001
14.42
11.27
16.919999999999998
19.24
18.029999999999998
19.38
23.18
23.31
30.55
25.85
33.57
30.79
31.11
34.13
34.64
38.66
37.88
40.48
37.72
41.010000000000005
42.66
41.510000000000005
41.27
41.85
45.540000000000006
44.440000000000005
44.93
44.800000000000004
45.769999999999996
47.05
47.38
48.29
48.78
47.54
49.34
48.089999999999996
48.71
47.980000000000004
49.03
48.72
51.41
50.55
49.41
51.09
50.91
51.88
51.790000000000006
51.62
51.980000000000004
50.39
51.9
51.01
52.99
53.66
51.81
51.89
53.0
51.980000000000004
53.349999999999994
53.37
54.59
52.129999999999995
53.349999999999994
54.410000000000004
54.120000000000005
53.38
53.82
54.1
53.92
50.88
53.47
53.790000000000006
54.84
55.04
55.50000000000001
54.769999999999996
54.86
55.22
53.61
55.879999999999995
53.0
55.32
55.31
55.16
55.67999999999999
55.82
55.61000000000001
55.66
56.34
57.120000000000005
56.18
55.92
55.95
57.26
