21839.730514526367
10.0
10.0
26.21
34.589999999999996
38.49
43.85
47.67
52.239999999999995
53.959999999999994
58.10999999999999
59.64
63.39
63.06
66.79
65.09
68.99
66.51
70.53
67.36
71.17999999999999
68.43
72.03
69.25
71.78
69.24
72.58
70.44
73.11999999999999
71.37
73.47
72.56
74.26
74.3
75.42
74.82
76.58
76.07000000000001
77.7
76.84
78.22
78.3
79.22
79.42
80.05
80.16
80.38
80.31
80.97999999999999
80.61
81.47
81.12
81.8
81.64
82.42
82.01
82.34
82.01
82.77
82.28999999999999
83.02000000000001
82.46
83.27
82.69999999999999
83.22
83.08
83.39999999999999
83.37
83.55
83.32000000000001
83.97
84.1
84.08
84.14
84.31
84.25
84.43
84.45
84.38
84.37
84.63000000000001
84.88
84.44
84.64
84.50999999999999
84.95
85.06
85.08
85.42
85.09
85.15
85.32
85.72999999999999
85.54
85.67
85.52
85.44
85.59
85.74000000000001
85.56
85.82
