1837.1094281673431
10.040000000000001
20.119999999999997
25.66
29.67
28.71
36.74
41.32
37.01
42.07
44.04
48.72
44.71
47.370000000000005
48.52
53.449999999999996
50.44
57.53
56.66
60.75000000000001
59.25
63.739999999999995
65.86999999999999
63.580000000000005
66.64999999999999
65.46
65.13
65.85
63.980000000000004
64.14999999999999
69.89999999999999
72.38
66.19
68.82000000000001
62.99
69.99
72.07000000000001
73.4
70.13000000000001
74.1
69.34
73.36
69.01
73.0
69.87
74.49
66.24
75.51
70.11
70.05
73.46000000000001
71.85000000000001
72.22
72.43
72.0
71.34
71.81
74.18
72.82
73.78
75.19
73.68
77.74
75.28
76.68
73.72999999999999
76.19
73.99
75.79
73.58
71.09
76.35
75.4
76.39
74.42999999999999
74.6
72.89999999999999
75.25
76.25
73.11
76.19
75.56
72.67
77.59
75.26
75.14999999999999
76.5
74.88
72.15
77.75999999999999
70.1
74.68
76.57000000000001
75.74
74.53999999999999
75.22
76.06
76.31
77.98
77.11
71.53
