3490.024734735489
9.879999999999999
21.46
24.85
33.94
35.31
42.46
45.28
50.54
49.94
54.17999999999999
54.449999999999996
56.85
57.16
60.3
60.940000000000005
62.55
63.129999999999995
63.67
64.82
64.44
67.0
66.08000000000001
68.24
66.74
69.78999999999999
68.47999999999999
71.26
69.42
72.75
71.06
73.55000000000001
71.7
74.44
72.72
75.53
73.63
76.28
74.56
77.53
74.42
77.95
75.01
78.42
76.29
78.72
77.57
79.73
78.25999999999999
80.19
78.86
80.42
79.03
80.58
79.44
80.99
78.96
81.34
80.0
81.63
80.38
81.77
80.80000000000001
82.22
80.65
81.86
81.02000000000001
82.78999999999999
81.65
82.6
82.17999999999999
82.86
82.07
83.02000000000001
82.72
83.54
82.42
83.31
83.0
83.47
83.21
83.85000000000001
83.33
83.67999999999999
83.33
83.96000000000001
83.67
84.2
83.93
84.26
83.71
84.23
84.05
84.27
84.25
84.16
84.53
84.47
84.53
84.28
84.78999999999999
