1772.1856796741486
10.0
16.41
10.0
10.25
10.01
10.0
10.69
13.74
19.62
21.83
24.42
23.98
28.17
29.909999999999997
34.22
34.03
36.74
38.269999999999996
41.089999999999996
41.410000000000004
44.1
44.05
45.75
46.760000000000005
47.199999999999996
47.97
49.66
49.81
50.88
50.529999999999994
51.980000000000004
52.31
52.959999999999994
53.7
53.949999999999996
54.690000000000005
54.50000000000001
55.089999999999996
55.82
55.86
56.07
56.730000000000004
57.11000000000001
57.29
57.45
58.18
58.42
58.309999999999995
59.160000000000004
59.8
59.830000000000005
60.050000000000004
60.25
60.22
61.09
61.17
61.72
61.94
61.9
62.19
62.5
62.89
63.0
63.55
63.32
63.61
63.85999999999999
64.03
63.89
64.05999999999999
64.68
65.07
65.03999999999999
64.79
65.13
65.41
65.44
65.56
65.59
65.58
65.96
66.09
66.10000000000001
66.32000000000001
66.10000000000001
66.60000000000001
66.5
66.18
66.85
67.01
67.15
67.0
67.24
66.88
67.43
66.97999999999999
67.52
67.53
67.41
68.17
