15675.344231367111
10.0
10.72
22.71
33.67
34.589999999999996
41.14
42.559999999999995
44.98
49.830000000000005
55.279999999999994
55.769999999999996
61.91
58.87
61.919999999999995
59.62
63.739999999999995
59.91
66.52
61.62
69.14
70.43
71.17
69.42
73.31
74.1
73.85000000000001
71.14
73.71
71.64
72.92
70.13000000000001
75.01
72.72999999999999
76.4
74.31
77.35
76.63
77.91
76.88000000000001
76.95
71.73
77.22
74.2
78.14999999999999
74.72
76.63
75.39
74.98
74.72
75.94
76.1
77.92
78.95
79.99000000000001
80.27
79.86
80.13
79.67999999999999
79.21000000000001
81.56
81.47999999999999
81.66
80.93
81.66
80.9
81.96
80.25999999999999
80.9
78.17
82.46
82.26
81.17
82.64
80.35
81.63
81.62
82.09
82.47
83.07
80.53
81.44
82.78999999999999
82.91
83.39
84.15
84.03
83.38
84.22
83.24000000000001
84.02
83.23
83.66
83.74000000000001
84.06
84.19
84.21
84.37
84.17
83.96000000000001
84.61
