1556.7603838443756
10.0
10.02
10.63
10.0
10.0
10.0
10.0
10.489999999999998
10.190000000000001
12.58
16.2
17.990000000000002
22.900000000000002
24.279999999999998
23.599999999999998
30.7
31.09
30.4
33.06
36.79
37.6
40.57
41.510000000000005
43.41
42.730000000000004
44.76
44.34
45.519999999999996
45.08
46.67
47.510000000000005
47.78
49.27
49.47
47.760000000000005
47.660000000000004
50.43
49.59
50.1
51.71
51.739999999999995
52.04
51.849999999999994
50.51
52.900000000000006
52.080000000000005
51.76
52.54
53.33
52.959999999999994
53.21
53.98
53.47
54.13
54.47
54.690000000000005
55.33
55.61000000000001
55.47
55.800000000000004
56.16
55.24
56.35
56.38999999999999
57.08
56.92
57.18
56.42
56.13
56.75
57.199999999999996
57.17
56.76
57.410000000000004
57.48
58.02
56.989999999999995
57.68
58.330000000000005
57.9
58.84
58.41
57.64
58.41
58.84
58.940000000000005
59.31999999999999
59.12
58.730000000000004
59.17
58.97
59.589999999999996
59.74
58.64
59.35
59.51
59.72
59.4
59.86
59.650000000000006
