2461.8024230003357
9.55
18.94
25.900000000000002
32.42
30.45
40.089999999999996
39.290000000000006
44.61
42.69
49.7
50.8
55.16
53.510000000000005
54.58
59.48
61.870000000000005
60.01
62.39
62.150000000000006
64.69
65.16
64.28
65.11
66.3
67.05
67.74
65.53
68.64
66.21000000000001
69.87
68.52000000000001
68.97
70.71
70.53
72.13000000000001
69.87
74.26
74.61
74.67
74.89
73.25
74.72999999999999
74.59
75.37
74.41
75.3
75.83
74.97
76.06
77.09
77.12
78.16
77.95
79.17999999999999
77.81
78.29
78.28
78.45
78.57
80.11
80.14
79.99000000000001
81.28
79.75999999999999
80.7
81.69
80.7
79.47999999999999
78.77
81.77
81.13
79.86999999999999
80.94
81.53
81.87
81.87
82.69
81.6
82.35
80.17
82.0
82.13000000000001
82.38
81.78
82.96
83.46000000000001
82.78
82.55
83.28999999999999
82.47
83.31
81.75
83.53
82.57
83.23
81.26
84.28
82.53
83.89999999999999
82.99
