1787.9992043972015
9.99
20.830000000000002
25.66
29.59
28.860000000000003
37.82
42.730000000000004
40.699999999999996
44.09
44.48
49.33
43.269999999999996
47.199999999999996
45.9
52.52
51.28
57.66
54.39000000000001
60.870000000000005
61.339999999999996
62.63999999999999
66.47
65.12
65.73
68.10000000000001
65.34
67.25999999999999
64.38000000000001
64.59
68.51
72.44
68.24
67.77
67.11
70.5
74.68
74.75
71.95
75.78
72.16
74.28
71.97
73.76
71.56
76.32
71.56
77.52
74.33999999999999
73.44000000000001
75.61
74.32
77.12
74.71
78.08
73.13
76.69
76.0
77.25999999999999
76.29
78.27
79.91
81.10000000000001
81.12
78.91
80.56
78.41
80.65
76.29
80.78999999999999
78.72
81.16
80.14
81.54
80.97
80.25
76.86
81.0
81.96
82.3
83.11
81.47
82.71
82.66
80.66
81.85
81.95
80.01
81.78999999999999
80.96
76.55999999999999
81.47999999999999
81.61
80.99
78.96
83.19
81.76
83.98
82.91
82.47
82.52000000000001
