3880.9379193782806
10.0
10.0
15.89
23.09
24.29
31.830000000000002
30.740000000000002
39.44
37.57
40.64
41.44
45.6
45.24
49.480000000000004
49.220000000000006
52.22
52.1
54.25
53.790000000000006
54.669999999999995
55.84
56.489999999999995
56.55
58.29
58.540000000000006
59.98
60.79
61.23
61.150000000000006
62.13999999999999
63.4
63.05
63.75999999999999
63.22
64.68
65.24
64.73
64.72
65.74
66.67999999999999
66.86
66.08000000000001
65.72
66.36999999999999
66.71000000000001
67.0
68.24
68.67999999999999
68.54
68.17999999999999
69.14
69.54
69.67
69.89999999999999
70.34
70.16
70.43
70.72
70.38
70.75
70.88
70.84
70.67999999999999
69.99
70.48
71.66
71.28
71.15
70.73
71.1
70.88
71.13000000000001
70.76
71.32
71.73
70.91
71.53
71.43
71.86
71.50999999999999
70.99
71.36
72.00999999999999
71.22
71.61
70.8
72.0
71.12
71.37
70.78999999999999
71.28999999999999
70.55
71.12
71.2
71.81
71.14
71.08
71.09
70.72
70.87
