3650.471529006958
9.86
21.12
22.81
33.79
37.169999999999995
42.26
46.27
49.49
50.29
53.06999999999999
53.97
57.26
57.32000000000001
59.57
59.11
61.22
62.91
63.11
64.60000000000001
63.94
66.97
65.75
67.88
66.44
69.31
67.7
69.74000000000001
67.12
71.45
69.86
72.35000000000001
69.86
73.54
70.52000000000001
73.46000000000001
69.23
73.94
70.96000000000001
74.36
71.44
73.07000000000001
70.83
73.65
71.49
74.33999999999999
71.13000000000001
74.24
72.24000000000001
74.42
71.03
73.31
71.91
74.53999999999999
71.92
75.33999999999999
72.67
75.56
72.59
73.61
73.35000000000001
73.35000000000001
71.11
74.72999999999999
72.26
73.1
73.11
72.28
72.98
72.83
71.78999999999999
72.19
72.58
71.52
70.98
73.36
72.00999999999999
72.05
71.35000000000001
71.97
71.5
70.92
70.85000000000001
70.76
71.11
69.19
71.17
71.09
72.63
72.06
71.75
71.36
71.36
70.56
69.28999999999999
70.35
69.93
70.34
69.13
71.83
68.49
