1386.139841556549
10.0
10.07
10.0
10.0
10.0
10.05
10.58
13.03
12.0
16.16
20.24
26.08
25.8
28.349999999999998
31.69
35.83
36.85
36.94
37.66
41.620000000000005
40.97
43.47
44.36
44.05
45.739999999999995
47.0
46.12
47.449999999999996
47.93
48.76
48.209999999999994
49.419999999999995
50.2
50.57000000000001
51.870000000000005
50.14999999999999
53.06999999999999
52.33
53.55
53.059999999999995
53.010000000000005
53.81
53.97
54.279999999999994
55.65
54.690000000000005
54.379999999999995
53.61
55.95
55.22
56.8
56.34
56.00000000000001
57.269999999999996
57.35
57.86
58.91
57.410000000000004
58.08
58.720000000000006
58.03
58.69
59.040000000000006
58.68
59.48
60.160000000000004
59.89
57.99999999999999
59.18
60.089999999999996
59.01
59.24
59.46
60.51
60.12
59.540000000000006
61.309999999999995
61.63999999999999
60.9
60.92999999999999
60.69
61.7
61.28
62.019999999999996
61.5
61.5
62.51
62.29
61.91
62.32
62.38
62.61
63.11
62.62
63.370000000000005
63.72
63.59
62.260000000000005
63.349999999999994
63.1
