3613.844113111496
9.8
20.369999999999997
24.42
34.160000000000004
35.88
42.24
46.45
49.44
50.01
52.99
52.769999999999996
57.440000000000005
56.92
59.89
60.46
61.78
63.56
62.660000000000004
65.39
63.6
67.02
63.83
67.33
64.16
68.89
64.7
68.71000000000001
63.800000000000004
67.17999999999999
66.07
68.44
64.12
67.14
63.32
66.33
60.260000000000005
64.68
61.029999999999994
64.32
60.660000000000004
63.54
59.540000000000006
62.660000000000004
61.46
62.07
59.89
61.38
60.74
63.849999999999994
59.89
61.3
60.62
61.629999999999995
59.440000000000005
62.33
61.01
64.67
59.4
60.12
60.589999999999996
61.42999999999999
59.89
62.63999999999999
61.040000000000006
62.31
60.73
60.040000000000006
63.29
62.470000000000006
62.89
61.22
61.92999999999999
60.419999999999995
62.029999999999994
63.56
60.33
61.8
62.370000000000005
62.79
61.69
61.650000000000006
61.01
63.88
60.529999999999994
63.129999999999995
60.9
62.9
61.56
60.209999999999994
59.74
60.870000000000005
64.37
59.550000000000004
60.29
61.050000000000004
59.41
59.199999999999996
59.63
61.45
56.85
