23637.260019779205
10.0
13.819999999999999
12.520000000000001
15.690000000000001
26.06
38.07
41.199999999999996
44.95
47.33
50.38
53.56999999999999
56.120000000000005
58.5
60.4
62.419999999999995
63.970000000000006
64.89
66.0
66.75
67.4
67.77
68.15
68.67999999999999
69.07
69.03
69.27
69.63000000000001
69.69999999999999
69.99
69.47
69.59
69.08999999999999
69.14
70.17
69.87
69.89999999999999
70.21
70.59
69.66
69.67999999999999
68.93
69.28
68.55
68.43
69.87
69.83
69.67
68.08
69.1
68.4
68.47999999999999
68.65
68.85
68.03
67.30000000000001
67.74
67.39
67.9
66.38
67.21000000000001
67.60000000000001
67.86999999999999
66.4
67.2
66.0
65.75999999999999
65.57
66.39
65.41
65.60000000000001
64.05
65.05
62.980000000000004
63.89
64.66
64.44
63.660000000000004
63.73
61.85000000000001
62.08
62.849999999999994
62.89
62.49
62.01
61.4
61.309999999999995
59.24
60.309999999999995
61.06
61.06
60.57
60.85
60.160000000000004
59.209999999999994
59.77
60.69
59.199999999999996
59.13
59.050000000000004
59.58
