20.599999999999998
38.4
47.599999999999994
48.6
50.4
54.2
57.599999999999994
57.599999999999994
62.0
61.199999999999996
60.8
63.6
63.2
65.60000000000001
68.0
66.8
68.4
65.2
68.0
69.0
66.0
68.60000000000001
70.0
67.4
68.0
70.0
69.0
70.0
70.0
69.8
71.6
70.39999999999999
72.39999999999999
70.8
70.39999999999999
71.0
71.6
71.39999999999999
70.39999999999999
69.8
73.8
70.19999999999999
72.0
73.8
73.2
73.0
73.2
72.39999999999999
71.2
71.6
71.8
72.6
72.2
73.2
74.6
72.39999999999999
73.8
73.0
72.6
72.6
71.6
74.6
73.0
73.2
74.2
71.2
73.2
75.2
74.0
72.6
71.8
74.2
75.8
73.6
74.4
74.0
73.2
72.8
74.6
73.2
73.4
75.8
72.8
71.8
73.8
75.2
72.39999999999999
73.2
74.2
73.0
73.6
74.4
72.8
74.6
75.0
74.0
76.4
73.8
74.0
73.8
