3477.064952135086
10.0
14.04
15.479999999999999
20.5
27.74
32.72
38.6
40.06
46.31
48.36
51.54
52.849999999999994
54.89000000000001
57.79
58.32000000000001
59.72
61.14000000000001
61.8
62.86000000000001
63.63999999999999
64.25
65.75999999999999
65.97
65.81
67.13
67.51
67.24
68.58
69.19
69.59
70.67999999999999
70.78
70.91
71.34
71.97
72.66
72.68
72.61999999999999
73.06
72.39
73.18
72.49
73.7
73.9
73.69
73.68
73.98
74.13
74.00999999999999
74.26
73.9
73.91
74.31
74.03999999999999
73.79
73.3
74.08
73.37
72.84
73.72999999999999
73.71
72.66
72.81
72.98
72.38
74.0
72.28
73.28
72.61999999999999
70.85000000000001
71.53
71.8
72.89999999999999
71.11
73.07000000000001
70.94
72.11999999999999
70.78
69.77
70.93
68.94
70.41
70.49
69.63000000000001
69.94
71.23
69.67999999999999
68.85
69.82000000000001
66.85
67.99
69.48
69.54
69.07
67.58
69.81
68.94
69.27
68.10000000000001
68.08999999999999
