2224.7788627147675
10.0
10.01
10.0
10.0
10.0
10.0
10.0
11.959999999999999
11.4
13.73
21.25
27.85
27.400000000000002
32.79
35.4
36.46
37.47
38.67
40.68
42.32
43.19
44.190000000000005
43.86
44.85
45.69
46.19
45.97
48.11
48.11
48.71
49.01
50.239999999999995
50.029999999999994
50.339999999999996
51.080000000000005
51.82
51.33
51.9
52.09
52.55
53.559999999999995
53.53
53.65
53.44
54.06999999999999
54.059999999999995
54.279999999999994
54.379999999999995
54.61
54.94
54.85
55.52
55.78999999999999
55.76
56.26
56.269999999999996
56.54
56.769999999999996
56.75
56.89999999999999
56.98
57.24
57.29
57.34
57.13
57.53
57.989999999999995
57.940000000000005
57.60999999999999
58.32000000000001
58.730000000000004
58.37
58.709999999999994
58.3
58.26
58.589999999999996
58.87
58.489999999999995
59.08
59.199999999999996
59.24
59.150000000000006
59.34
59.64
59.3
59.51
59.77
60.01
59.88
59.96
60.25
60.089999999999996
60.25
60.12
60.49
60.58
60.760000000000005
60.57
60.56
61.31999999999999
