1252.1324789524078
10.0
10.12
10.0
10.0
10.0
10.18
10.26
18.029999999999998
17.810000000000002
23.29
23.93
27.42
31.71
33.39
35.480000000000004
38.23
38.800000000000004
41.5
42.76
44.2
43.28
45.45
46.86
47.99
48.230000000000004
50.43
48.980000000000004
52.21
51.03
52.82
52.16
54.03
54.620000000000005
53.61
54.98
53.779999999999994
56.910000000000004
55.900000000000006
56.779999999999994
57.120000000000005
57.489999999999995
57.95
58.89
58.599999999999994
59.77
59.74
58.76
59.760000000000005
59.75
60.84
60.56
61.309999999999995
60.85
61.519999999999996
61.519999999999996
61.67
62.339999999999996
62.629999999999995
62.46000000000001
62.74999999999999
62.89
63.080000000000005
63.36000000000001
63.629999999999995
64.1
63.370000000000005
63.72
62.949999999999996
63.88
64.14
63.24999999999999
64.1
63.85999999999999
64.68
64.84
65.18
65.45
65.57
65.98
65.5
65.8
66.14
64.96
66.17
65.98
66.55
65.72
66.47999999999999
66.86
66.8
66.73
66.77
67.28
67.29
67.14
67.58999999999999
67.15
66.86
67.27
67.45
