14.399999999999999
18.4
21.6
26.200000000000003
28.000000000000004
30.2
33.4
37.0
36.6
39.2
40.0
43.2
43.6
43.6
48.199999999999996
47.8
47.599999999999994
51.800000000000004
53.0
54.6
52.400000000000006
52.6
54.0
56.39999999999999
57.8
54.400000000000006
55.800000000000004
57.199999999999996
56.99999999999999
57.199999999999996
59.599999999999994
58.599999999999994
57.4
60.0
58.4
57.8
56.00000000000001
58.599999999999994
57.4
58.8
59.199999999999996
59.8
58.199999999999996
60.6
59.8
58.199999999999996
59.4
61.199999999999996
60.6
60.199999999999996
61.4
62.4
58.599999999999994
61.0
61.6
60.6
57.8
61.199999999999996
60.0
61.8
59.599999999999994
60.6
60.0
59.599999999999994
63.2
60.4
60.8
62.8
61.199999999999996
63.6
61.199999999999996
61.4
63.2
58.599999999999994
61.6
60.6
63.0
61.6
60.199999999999996
64.0
62.8
64.0
62.4
62.2
63.800000000000004
64.0
62.0
61.8
62.4
61.0
62.4
64.0
62.6
61.0
64.4
64.4
62.6
63.2
62.6
62.8
