2.339715547622389
2.584772113022531
1.917721910841146
1.7302600357942521
1.6132496496674362
1.5113444480167073
1.4273364452799415
1.3268831133083174
1.2850742286937251
1.1781446789480319
1.1476463888101518
1.0570195522277979
1.0675230698221048
0.9626032858137872
1.0470946169203255
0.9074871976664112
1.0493508102787528
0.8667461712648914
1.0231214556724402
0.8490316879217792
1.0306573521559406
0.8441840638020995
1.0017754101449516
0.8490717642626185
0.9832453332888852
0.8339020177057594
0.9970025807429271
0.8067711868863197
0.9599701617933383
0.8300662845562977
0.9461480618282488
0.8083449013673576
0.9223922908685769
0.7983553612687785
0.9045634782238371
0.8389340760601554
0.8973164178763225
0.835307970358308
0.8324288524639835
0.8291360929513433
0.83658308853769
0.8536426762866366
0.8014142722081227
0.8090888404162826
0.8358283471909298
0.858122927937538
0.7908721321327671
0.8849357239380005
0.7971122638814768
0.8880604150568604
0.8124455323644505
0.870603548493355
0.7920978139540192
0.8902114648727855
0.8102314428539034
0.9035655916876094
0.8294097765995438
0.8949667807597264
0.8492990477829222
0.9380971954506674
0.8129574174334289
0.9034190846096938
0.8501208426466413
0.9389043408594314
0.8903626042186834
0.8980286045438924
0.868536696882005
0.9209590818092321
0.8702065705493757
0.9085730006740351
0.8905773555776876
0.9155072564152396
0.8882302888639414
0.9338647345448755
0.8668955186749719
0.954388807533653
0.8935639051495085
0.9595294112612487
0.8649126856949678
1.0195331917067243
0.9066271603487099
0.9864164214984626
0.8675289584952555
1.0181194306558865
0.9023426962885887
1.0456302701287967
0.897809343732846
1.0609393089440218
0.8964596377436522
0.9929018426852622
0.9369417273314895
1.0738241055588813
0.9710232378191249
1.01619979169718
0.9818728063136909
1.0806745472986987
1.0189797498617963
1.1163897151779976
0.9922706353816257
1.0457585302128154
