2.292902410030365
2.120976209640503
2.0318992733955383
2.0117552876472473
1.9219976365566254
1.8657180219888687
1.7951556295156479
1.6929466724395752
1.6984871178865433
1.6504563689231873
1.6332550644874573
1.5586970448493958
1.5417313277721405
1.4948554784059525
1.4640577584505081
1.4650146216154099
1.432268664240837
1.3999372571706772
1.4043764919042587
1.3564477860927582
1.3314497470855713
1.3898651748895645
1.3661643341183662
1.308469906449318
1.2973667085170746
1.3031381219625473
1.3006241023540497
1.3357027769088745
1.2867094278335571
1.3465717509388924
1.2693112194538116
1.2920485809445381
1.3477222621440887
1.3326874896883965
1.3097913563251495
1.334486410021782
1.3320135474205017
1.3767743557691574
1.3658992499113083
1.3085824698209763
1.3515921831130981
1.4183822944760323
1.3957320600748062
1.3193827122449875
1.453040987253189
1.4668707847595215
1.4209561794996262
1.403176173567772
1.4419906437397003
1.4788392633199692
1.3921183496713638
1.3482867628335953
1.484381377696991
1.5863066166639328
1.3290569111704826
1.4314978867769241
1.481382668018341
1.4793886840343475
1.5762879252433777
1.4467797130346298
1.4617101103067398
1.5885619074106216
1.4958166033029556
1.6230169385671616
1.5301381945610046
1.5400097519159317
1.5847409516572952
1.55148546397686
1.702581599354744
1.4500629380345345
1.6403157711029053
1.4995826333761215
1.3648646548390388
1.6865118220448494
1.5123032629489899
1.6964406594634056
1.462435021996498
1.6995623111724854
1.7025414407253265
1.6149453967809677
1.7501979172229767
1.5890734270215034
1.7579163163900375
1.7124407142400742
1.675903394818306
1.6513501107692719
1.7780658900737762
1.66299606859684
1.753708004951477
1.7613733559846878
1.665668785572052
1.751263976097107
1.818527489900589
1.7992727607488632
1.680888682603836
1.713214635848999
1.7848900705575943
1.6693380922079086
1.7689495235681534
1.7380147129297256
