2.3392491067291066
2.6155801138300805
1.8464762260959406
1.7260170028467847
1.6053633446906024
1.4759956484387635
1.4103960186053233
1.3117801042119408
1.2648736754800105
1.1746132054905982
1.1315971051052118
1.0514998614408408
1.0384049780049902
0.9585945127875941
0.9753992200657061
0.8802124983186175
0.9276627495789983
0.8307135784701937
0.9012763188902739
0.8013190703027567
0.8754195999947323
0.7884384714494086
0.8351656099793258
0.762364283678638
0.8257196568379737
0.7458176442012665
0.7918568750855269
0.7318211672412362
0.7734165840847477
0.7218751373944009
0.750357822817602
0.7034287023696171
0.7336698643341186
0.6956170782162125
0.7271335713422982
0.6698787743878213
0.6886121270003592
0.6440043077347385
0.6700444240478953
0.6339422938930002
0.6461517949392841
0.6145228842261491
0.6260530633531558
0.5927895846640229
0.6069751444515908
0.5822019125245939
0.5932567643511827
0.5729430074904375
0.5849433871591168
0.5552844463070487
0.5710064588458674
0.5415760016745064
0.557836468242536
0.5313748768560446
0.5379950324441217
0.5195690808212681
0.5407985186880562
0.5060890217305748
0.5305711297662394
0.504499462000124
0.5181425955075367
0.49706104502176784
0.5138835479879076
0.49540995184782965
0.5091725751093239
0.48796789984034883
0.48690891047571877
0.4806356094065745
0.4933834481201354
0.4717354223037222
0.4762754411834061
0.4691293029838307
0.4766011949937055
0.46651681896987235
0.4609223818703062
0.46263340552141713
0.45885748857525505
0.4536220789145512
0.4562566659063291
0.457139924643146
0.46002545620605445
0.44976549363060364
0.45270540114420993
0.45424844205948955
0.4545592448324155
0.4491643788898067
0.4437313307622436
0.44346946610766613
0.4423932286014982
0.4360420272988119
0.4512554000897013
0.4398193515030442
0.44457677538227885
0.4321303867800221
0.4402998807323966
0.4304892139829648
0.43552948790750684
0.43257304703354077
0.42703840668034404
0.4259785042162154
