2.3070867608307273
2.3068833290391666
2.316413202103536
2.33710297505567
2.3179843273891767
2.3242208988043913
2.3285003953678594
2.328901684208281
2.3203069374060177
2.3334191665527926
2.3287086927207414
2.2325747742015087
2.1680318959958993
2.10539762153747
2.0843500506346393
1.9995929655755402
1.9157243974649223
1.9103116647453064
1.8513328824073645
1.752085682692801
1.7530041963431486
1.7207170679311083
1.7092467994446967
1.6956645386993505
1.6692196715409588
1.635876287320617
1.6080119890771853
1.577445866196019
1.6099765855035963
1.5595247897372884
1.5424565198315177
1.5478947527089697
1.5473568523006074
1.4836962139530547
1.4730563998981645
1.4794980955731338
1.4455150517688435
1.4380339627053327
1.417193041485586
1.4207356674655987
1.407369510383363
1.4226818692152667
1.3931053003687768
1.4321173110585304
1.381561799413839
1.4003043030477633
1.3504290603528357
1.378297987257599
1.3858274699776036
1.3693313082312322
1.3710929041455506
1.3436695147471822
1.3682275410670384
1.3469667578958402
1.3311796461700633
1.3362749807394234
1.335669947277968
1.3278504131705897
1.3200868557972514
1.334143633295776
1.3185278177261353
1.3007024010275579
1.306794383723265
1.3126330444007923
1.2998805983810668
1.2948233720603262
1.2858491221051307
1.3108415459371676
1.2919712689272158
1.3083994578404032
1.283403267526323
1.288349414327342
1.2744919494458824
1.2808531750539305
1.2729307321985817
1.296445910718031
1.2733851154898381
1.2773523353467322
1.245068066059404
1.2662407827984756
1.2532689715646634
1.2615107419384513
1.2355169160350872
1.2510972360896457
1.2750804196497438
1.2362730191771392
1.2621677130650564
1.2445451700763337
1.2480315000388273
1.236095742055565
1.2542154010693738
1.2526395541087838
1.2455208722952824
1.2256406219142257
1.2454939116338255
1.227896933722648
1.226168211857984
1.2364620266446642
1.2331991108359805
1.2495389706010271
