2.303659533239474
2.291925583675409
2.3081444813187715
2.303083310461348
2.327954097917885
2.3185419125162112
2.177152091530478
2.2716546164956064
2.1073148334102267
2.0158018124331334
1.9817477745614993
1.9163076877593994
1.8783443467632222
1.8152494400170198
1.7826914202635455
1.7510198415464657
1.7205353102106957
1.6937433944386282
1.6810853853347196
1.625864615106279
1.6252187027293405
1.5856622184158131
1.5545700173469106
1.5401638989235944
1.5277547259239634
1.4900853808518428
1.465941099604224
1.4751683283763326
1.4414050920753723
1.4274111014262887
1.4024664702688812
1.3932127428662247
1.379636559516761
1.3612524825296584
1.3448163908757982
1.337737690111634
1.3193127471170607
1.302801935536087
1.2962222509323411
1.286431282568889
1.2722344056815857
1.2605706977236801
1.2459566604559589
1.236467383849393
1.227760950091538
1.21851703087995
1.2012783224415626
1.1947166460334875
1.1897795610367112
1.1847066864086564
1.1700387771721859
1.1597732032180592
1.160461922360074
1.1426407205071418
1.1294033026239674
1.139720557981236
1.1192012698787033
1.1222456731614034
1.1100660023415925
1.0976696413034086
1.1100867796855367
1.086785002878517
1.0891054819343955
1.0771952768799606
1.0712578224528366
1.0694044763874855
1.0628217287883637
1.0529383622157347
1.0538775609557036
1.0384925076156666
1.0399962496605648
1.0280568709798679
1.0378860201045965
1.028820557199466
1.015404076712906
1.0086240206554438
1.001437984454404
1.0025264552444408
0.9940065445414015
0.996523356741401
0.9913409443417932
0.98988242741603
0.9855569213818592
0.9811704735847036
0.981042421927118
0.9675583209201788
0.9678467652600282
0.9701708650133413
0.9667932960637815
0.9574014927930893
0.9559414428510483
0.9560674110035987
0.9442416824352969
0.9367273639721475
0.943446201124009
0.9488265077779248
0.9359995244414943
0.9385042220923552
0.9288809288079571
0.9321379714710697
