2.30739726230597
2.3061203683257863
2.3118440041876145
2.3386462964829366
2.3127479279876515
2.3543460718385734
2.3146016157356795
2.3490835466202657
2.3362296052799105
2.2834445458308905
2.0666258767911585
2.116367915633378
2.0025427326275285
1.9730415693513907
1.8930535301281388
1.9352478677300131
1.835872117880803
1.7956981066685573
1.8331412297145577
1.7440332895631243
1.769621219604638
1.7998216668511653
1.69733705945835
1.7119892129472867
1.7138096056166727
1.6830406978631476
1.6809140800670455
1.6608920659229254
1.6956111291411575
1.6705422188825667
1.613506063534196
1.587540470870437
1.6444529484791361
1.5843232452489768
1.6476095550379175
1.6040106449916864
1.5434601921944102
1.5304637418431082
1.5314295102076925
1.5836296013206432
1.5745525443629853
1.5199235913100515
1.522046704960477
1.5681945495544725
1.5460971016792735
1.5386718914007684
1.4961609050726434
1.5181086587298447
1.5235673773820233
1.5288779872238256
1.5208951622057871
1.4959446495505655
1.4837237277608009
1.5020172504862404
1.5011897679347141
1.5263632254995358
1.4957646253002677
1.515565716536941
1.4870921745421781
1.4880477432992048
1.471557589093591
1.4722766246005987
1.456268399384371
1.4996759633349765
1.479196810418633
1.4517914800886895
1.4740122807253697
1.5008102397250522
1.465287469754553
1.47961601406146
1.4414543589209294
1.4860684203494126
1.455795594841052
1.5222274824312538
1.4920216829154143
1.521679102235539
1.470573148150353
1.4594913295879486
1.455582089484877
1.4247802093530157
1.4275669732670875
1.4542096261006252
1.4701233069608166
1.4657947022444124
1.4897513275693177
1.430550639037114
1.5068750707966507
1.4486205425991374
1.4487638450731897
1.4913437412043287
1.4454236691165123
1.4447634235309188
1.438868530996286
1.443990870645851
1.4467152622854633
1.4276945249290223
1.42694918593024
1.44204170840561
1.4495072250912904
1.4648050047030114
