2.3369920329683147
2.5976253573302253
1.868619952232215
1.762559316720173
1.6675534415396915
1.6679817073664087
1.5501814830075404
1.5614591449688955
1.434888571690602
1.3322501638133055
1.2696980750484832
1.2145729129481468
1.3333816619435692
1.1106823003216155
1.2021621632727848
0.9843316928596254
1.1876291826272467
0.9079687914271264
1.186180337978776
0.8681583093230132
1.1233882585148902
0.8390629014391808
1.050294146795941
0.89730122970168
1.0014478025163056
0.9071418346872755
0.9784746124486255
0.9230622303713659
1.0124072876705486
0.9240314406194504
0.9745876580286937
0.9799260022533927
1.0059382957258043
0.9064979107136939
1.0217589739781276
0.9878619468895493
1.1170087555411514
1.1057374932963377
1.019815260057996
1.168416465923285
1.034869464339724
1.1792550257816437
1.1087992521607952
1.229738320894302
1.0413736678232812
1.275495907303634
1.1963691164733499
1.29190890196782
1.3199803483713963
1.3221213081080443
1.427937724787718
1.3933233516231465
1.4003300579490177
1.6143728638910184
1.4135973647141913
1.454908691014454
1.5473183583302104
1.4691689189072628
1.7298133635217217
1.4944876079346723
1.853059262227101
1.548393136376788
1.7409976735995834
1.6801115073216188
1.8087696459642641
1.7480529224037364
2.075652026067114
1.7593938188188394
2.127279046994106
1.750124712658536
2.1417048994902594
1.6339660237549216
2.223702823280529
1.6407869978315512
2.3900139946846446
1.6480870706260584
2.412766232612027
1.7416158147678253
2.5120229204748847
2.122194242325558
2.759258241410468
2.251588281552503
2.446058449471832
1.9830178250173094
2.821568540706756
2.190264527964744
2.3369473044280036
2.636292621588251
2.173427639493517
2.792252684854398
2.187863226908787
3.138968914177767
2.287414083814925
3.2736568010536726
2.3612547437096856
3.031995636642359
2.3591521181118718
3.196173434044905
2.3343458335111094
3.2325702639901714
