2.337753434090098
2.6084159969524214
1.945792892935929
1.7440613948615493
1.635802327447636
1.5146030035747844
1.4750984633804127
1.346205589877572
1.2641790437090927
1.2186025791107469
1.1459158662777797
1.1207762223899744
1.065065535390453
1.0208435654640198
1.0555888270116915
0.9373903676962397
1.0766051020591882
0.9351954334860395
1.0643284571398595
0.9217152439864578
1.0994223181609135
0.9353359987022011
1.1274195958854287
0.9705699200083495
1.1086639845447175
1.016206562139426
1.135784905047933
0.9661089219864766
1.1874653093374459
0.9955666319579836
1.199724841269718
0.9817827495799702
1.2066433000716434
1.0937695787970427
1.1606380890129477
1.0634849439760683
1.1564747152055146
1.086819044343985
1.2096022781293103
1.122044254260458
1.1338799041547594
1.1688326160619213
1.1227946452274444
1.2120998228431508
1.112714407170654
1.3291361069982979
1.134517499975338
1.459937237250577
1.1847874081818162
1.4759372765091574
1.184695033510779
1.4636841970644179
1.2136908860722924
1.4669716931452417
1.191608823029099
1.5133118094152707
1.2804942279104974
1.47877003546733
1.2928546583576568
1.4646539323648828
1.2761911635945558
1.6868036628528764
1.3617286420172188
1.604816456509244
1.4127230515145952
1.5995493087039632
1.4986748942144357
1.6591054504844034
1.4347428895865277
1.646975171034503
1.6484993764549305
1.7436257464111231
1.6458116306620798
1.6451273978136147
1.6344454254314398
1.807460674055063
1.6082534011761853
1.7787254790591587
1.6712121158648447
1.906840518781334
1.7726149832367137
1.9092997525148332
1.9554348250103604
1.9106246210207605
1.7779432140338194
1.9413282506784815
1.924693662649507
1.9382850440444461
2.0266466452057954
2.0283393267613308
1.9551379779341873
2.045660021198783
2.0753872037693193
2.003715857578691
2.250491073177119
2.1105711779017358
1.9413498829884135
2.1943061799760075
2.109793429921387
2.1738350786221257
