2.3207097752079084
2.610973400674808
1.9378060801014019
1.7744700688465385
1.695211883563145
1.552009578723057
1.5385805770849725
1.4290906729971526
1.3256680008712087
1.216367961494786
1.2042197330742126
1.0535752260760896
1.1368460636230031
1.0323948476724565
1.1358203333654222
1.0159807755688952
1.166305436450205
0.9472129773941769
1.1024131995097848
0.8727263527311337
0.8501001531910745
0.8382252177615075
0.8838007903782426
0.7832572416515108
0.7577055159268106
0.77732220273109
0.8293141183579803
0.7862818216442302
0.8255672227045533
0.7944703005301724
0.8753611745348402
0.7349182390103675
0.8193234248905424
0.6943621527237497
0.7728518951850333
0.6647577458506178
0.7135626480078242
0.6597664876348653
0.6978288287190115
0.6854101842755724
0.8728418492587509
0.6701859588835649
0.7935342887404618
0.6363540525269357
0.782128649722239
0.6980852923195833
0.7907324761721739
0.7507840926480142
0.806547524443098
0.7320364117622375
0.7830929752368077
0.6500292729799915
0.643496215533299
0.5948188489030122
0.5936818415192282
0.6099891599955832
0.6076657316487306
0.6070946420833563
0.6471101886527554
0.5495133332575962
0.5617514103651047
0.5472957205240894
0.5870288507004452
0.5518645084207985
0.5896728029296656
0.5477121497984905
0.6114633996395549
0.5723396222682515
0.6909387367925827
0.5289779244714482
0.5393555356059104
0.5752404741231044
0.5283786680098552
0.6049673234581188
0.5883703214727389
0.5581186392884345
0.5624943021566245
0.5268759367762098
0.5312446844615754
0.5912473404863078
0.5889359156417239
0.5229182334462549
0.53805206222519
0.5261050688612993
0.490703233772782
0.487423115190427
0.5250686039780356
0.4889920287451167
0.5230738548146692
0.49310905823282375
0.5324373416080597
0.5203208252313031
0.5122203630436758
0.48798880797282906
0.4904254263943168
0.4919795169002691
0.4913700167920179
0.4915168123070601
0.5008417209432383
0.4796321150983215
