2.3337896082811294
2.4835617770055296
2.547359735343107
2.4467962334869773
2.1036843152562525
1.7189888255611347
1.5976569364025335
1.484129122108411
1.418827167741812
1.3291831654348192
1.2545847581450347
1.1925448543706518
1.143796155027523
1.0984957354843237
1.0653745744638383
1.0383418418799237
1.0221632980996636
1.0003344982293
0.9832094030775083
0.9762766239749399
0.9701168153695999
0.9729934296790202
0.9665939006835792
0.9558257475780074
0.9781093863165302
0.9731375548490293
0.9602396013630423
0.9675892242200815
0.9593077108358882
0.9845462179487678
0.9955035660676895
1.0210317954136308
1.0183984022231618
0.9883733327221719
1.004078038179191
1.0028521429960895
1.0007091107641815
0.9876556096562914
1.0359778297934563
1.031376021303189
1.0917747556024295
1.0710868706369097
1.1100138353694016
1.142166980132935
1.0660482937363303
1.0642070960087382
1.0777960803098738
1.1786145324919635
1.1121817918340111
1.1451731548187838
1.1671033395323784
1.1645215844652455
1.145851323559026
1.2067886093619522
1.2404112626033224
1.2330967878839771
1.2565022817083225
1.2475232630018975
1.3212595111245562
1.2945846672270709
1.2767539248345003
1.2756646928513886
1.3471959529408983
1.2965692854990625
1.3802895018249561
1.4102340446915596
1.4281275390060084
1.38160292130367
1.462223625866471
1.4356662008413084
1.5372104443562258
1.4677001871880453
1.604574156414931
1.5851543120517853
1.5050817234500957
1.5433245578389259
1.581621340885284
1.5881161101304802
1.7005591514004263
1.704313302495677
1.6335958155097476
1.6600781178018849
1.686939949062979
1.7686350057079534
1.800397571484754
1.7547975239480378
1.9168603837869729
1.8863873367856263
1.8005608935265025
1.8204261558071064
1.8681234235216857
1.8460999681691455
1.889918135229949
1.9641938475286884
1.9609759134851443
1.86389265470444
2.0346468588349165
1.961018667858877
2.002913793181158
1.9568790007548726
