2.3845857632387975
2.0864968884522748
2.014372810436662
1.767867275863696
1.7091803231816383
1.6822780408677023
1.5083275395593825
1.5582486466996988
1.4668614727676295
1.3596169584116358
1.3304873310076963
1.4916032400860149
1.524704862552084
1.3333449432045033
1.1899202052195361
1.3584901474084063
1.129646019191499
1.2033436032617169
1.0683469552143363
1.1041098711596933
1.0148801871925404
0.9596016300711662
0.9999798118688499
0.914420181019291
0.8997836830509696
0.9491477289776893
0.9303989957092674
1.0225948941935399
1.042506826911003
0.8611377982576941
0.7972018365647383
0.8673352667480517
0.833852558189137
0.9078522802917821
0.8211911081508466
0.7841312870098527
0.7352274392440821
0.7777092629557203
0.7016289769464238
0.8416382104727873
0.742635255786264
0.8134777771819169
0.720530729195115
0.8157957849229217
0.7031498811427196
0.9050900131274181
0.6718521657263398
0.7583772437587665
0.7407536092837146
0.6794824746383983
0.7438476070476945
0.7432897871087312
0.6910883736838201
0.6569054961963824
0.7414341648672796
0.7028751838359104
0.7026347045306187
0.6043787264520195
0.6398403957770888
0.5978982353666026
0.6317727565765381
0.5543782396870813
0.5585053560270625
0.5916334170444756
0.6036275095620732
0.6016396620091359
0.6050305125440002
0.7095591027265901
0.5986786296792851
0.6522888761417122
0.6142204044161329
0.5991692123519388
0.5922710596565988
0.5926517289914902
0.5752668778417976
0.629471505713311
0.6162341225678754
0.5138874463025173
0.5850858424499537
0.5382034562195942
0.5769689709517607
0.5377381145005014
0.543854527507618
0.5556739284923882
0.5545738900353194
0.5503385039461646
0.5253006739980856
0.6598873347233815
0.5589222816904639
0.703695604945444
0.5952763549841134
0.5196099622044593
0.5562699125830535
0.621609421102864
0.5215296121729407
0.6160045252863768
0.5142443412618273
0.5199175430521085
0.5272128158693861
0.567292207840142
