2.3249755300534
2.63284936376438
2.0174962707385897
1.697681249326961
1.689947242190124
1.5084927082061768
1.4579035598001662
1.3232395686921041
1.3461552015535392
1.2257090229896983
1.230226480657128
1.0622623316041984
1.1195231285064844
1.0806910224780915
1.1479878953308056
0.9947797371323701
1.2285906444689272
1.007231660329612
1.2548076734421358
0.96761642292047
1.0063722706904077
1.0244854164730972
1.0251984607641864
0.9431173061109652
0.9648547335794777
0.9375580849161573
1.045527791521352
1.004239704198898
1.0980322140796928
1.0793386640822051
1.0585247562949065
1.0664349540024047
1.0160747527316878
0.9942581995277647
1.017789359305315
0.9076072220589705
1.0117920219518577
0.9405217406096732
1.1227645156489816
1.0143798293581434
1.142357552507121
1.1862323713150753
1.1445051298779287
1.0565804755611785
1.162952341471508
1.1444174001930625
1.0756645696178364
1.2844746093841115
1.1506013441237675
1.1555662177930213
1.0607934017090281
1.042509124157535
1.088557046689805
1.1081959168622448
0.9126077609457028
1.0861099757206667
1.1175235498483014
1.1077050426203734
0.9243059621495047
1.0446620105178492
1.1393383851476535
1.1846102844377993
1.0908936740486486
1.14663044016832
1.1385962374650749
1.2820159997909693
1.2260446700320882
1.2667297956290517
1.3525943820643578
1.4463303575090543
1.2841205410896592
1.164177314491029
1.2528978529249786
1.4848705742769182
1.05974262668069
1.2883514226621884
1.2726459381686654
1.2992262866846316
1.4186366223225928
1.2918670169866768
1.5265576968527144
1.3544844100429754
1.4146369763999989
1.7566012705966925
1.2988982739721893
1.5201463323489877
1.3379823523721877
1.434072374917899
1.3844241108863977
1.5780472091049145
1.6087396167645789
1.6591562469294117
1.576854679614875
1.5152234336373154
1.9150321248230662
1.6673500313880338
1.8976208313255554
1.3042505436642156
2.2096239123374795
1.7307387487903523
