2.3054911665096403
2.293022416959143
2.3084262981536283
2.302187971248748
2.3099116656430967
2.3350939659556005
2.261449955071613
2.2354844876915028
2.119390563600382
2.0372118820810012
1.9857411088457533
1.9877961350094742
1.9334614011132794
1.8970719636625546
1.8242421355217127
1.82320007700829
1.7625434155676776
1.7316692148803905
1.6590839442174146
1.6386820708110834
1.5898854360458956
1.5863707057989327
1.5350625697214892
1.5093607970863392
1.4964667740900806
1.4705243475118261
1.439395448964113
1.420215063793644
1.3858521948954103
1.3938840050606212
1.3608742792894886
1.3477137939185853
1.3320715822231997
1.3160933818027472
1.302323762778264
1.2864595818671452
1.2842683814893103
1.2652752566489445
1.2517443405594795
1.2440027883098383
1.2356722153675783
1.2205118328143076
1.2099450560891705
1.2053023265425566
1.1934045435516698
1.1825502283254248
1.1710706011504883
1.1710394609505963
1.1624654277115112
1.148745216761425
1.1462734368196719
1.138186498052755
1.132509939609819
1.1276696871040732
1.1097878118988815
1.1110000166164082
1.0954248609056898
1.0999889745833769
1.0862422619655634
1.0793943799984682
1.0707332472892324
1.0699569985365411
1.0624793236422692
1.0543865128687233
1.0558429292053173
1.0466072620100277
1.0434299483420744
1.0335691396597844
1.0358078696165876
1.0289470295237888
1.0237327631871411
1.0124067151622407
1.0083801400889256
1.0142545901286375
1.0052179842238214
1.0027863500983851
0.9948968606390012
0.9938839377870985
0.992774027927666
0.9888670873490109
0.9817524859859685
0.9787900360526552
0.9840031152318238
0.9709411069845698
0.9779430411423847
0.9682702406956132
0.9666505186421097
0.9708932953275693
0.9598465789655212
0.958106522347517
0.9555703390176129
0.9562834049486051
0.9483014470452715
0.9596816346903515
0.9465913886477233
0.9531949390271667
0.9434383344498409
0.9423845493869417
0.941400338130392
0.9332999700953246
