2.356124651659826
2.251707227366745
2.134533367339213
1.9945022756127035
1.8219655888855077
1.7497652503335552
1.656384581213544
1.599245378925542
1.5209111263797541
1.465618385630808
1.4128441134835505
1.379574708877855
1.3524644678565347
1.288904225750334
1.2109529770863283
1.221813793015328
1.1330667950545148
1.1664780754192619
1.1177253165062826
1.1188200886841793
1.0896844829723333
1.059122825124461
1.0699005187696713
1.0353310578947614
0.9914285369739411
1.020756557488897
1.0015573083974754
0.9636430098752308
1.0016200447538097
0.9854380575714597
0.9194595828937118
0.9352040716037628
0.9722259390126368
0.9433514779540384
0.9302576882824017
0.8974567875740634
0.8797807970624061
0.904918560176898
0.8367039139863033
0.8788147413047256
0.8473256181000145
0.8817299205786103
0.8922445083120066
0.8950532604554656
0.8332498677217277
0.872963983541841
0.801932534404621
0.9089535015403845
0.8524248575329021
0.8362733940030359
0.8221035058710985
0.85204432325758
0.82685493113129
0.8217965146158911
0.8134012746203477
0.8463478179494287
0.8281934893434975
0.7786213708151678
0.7901768418634014
0.8194148246270077
0.8307842604673592
0.8055790074312004
0.7763774115948161
0.7933851970229179
0.8134661704112011
0.8522093525737714
0.823370843935924
0.8217660052001856
0.8050877740428706
0.8411951520640379
0.7954635684657249
0.7895252903935256
0.7942001967673089
0.7866299590867036
0.8072853967262681
0.8096057391090757
0.7829527769498764
0.7526220162962652
0.8851504644770531
0.7936893223197596
0.8005073619116644
0.8377468337298958
0.7484260657031065
0.8278794947323526
0.8058736715347145
0.7683201921973258
0.8066106457619151
0.869552434250048
0.7893706412072394
0.9061236104388146
0.8172423224540273
0.7962791650158585
0.8382156736152188
0.7922588343832903
0.8584648209392645
0.7963134517335588
0.8280325993231148
0.8348947939979043
0.8356280803300773
0.9403238932418215
