2.3047144792641805
2.307698655280338
2.313456509523331
2.3156626771210105
2.3139851989260145
2.324211462288146
2.3247784019275834
2.3545621777795684
2.4297089515977603
2.3426788521420425
2.2218941685500417
2.145712103813317
2.0415946336308863
1.9836458666309429
1.9807109536638685
1.8607503395930978
1.8757104653461723
1.849560425539685
1.809934452840477
1.7335294720473562
1.6937269929108347
1.6522477599465923
1.6210375226986635
1.5810861541966723
1.596948363219097
1.5344315213002977
1.5289590328362337
1.509201285945382
1.5248455067349087
1.486876204514959
1.4560491393326194
1.4572697703246098
1.4175345259866896
1.420446851450926
1.4650023127817045
1.4604632163503368
1.3883179653981688
1.4031164760042907
1.3803908293414269
1.349094834297326
1.351665402673612
1.3458249128548203
1.3504217620108538
1.3770433390975758
1.3330707010949494
1.3491258302311988
1.352043267268284
1.3223656666506627
1.308617269916899
1.3143263364293774
1.3028216999807176
1.2908595762435038
1.305761142900795
1.2889340675560532
1.2841943601134476
1.282150802718606
1.2712280355441343
1.2582566601455591
1.2632645216717082
1.2569281827112673
1.2458001864943535
1.2645534664202647
1.2480502792984058
1.2470439019476531
1.227859416964707
1.230587883360067
1.2274867372148355
1.240574851157559
1.236639713785451
1.2295503251871485
1.2227483543620747
1.2171004171584063
1.2300487137903833
1.2155207023499117
1.2143519034810886
1.2015512342665606
1.2234874530962319
1.2075540457561518
1.2015238510575263
1.1996061904415203
1.1957434055152212
1.1943375012677186
1.209868192293082
1.1851768531617086
1.1916978962861808
1.1774341608308683
1.1782808797374653
1.1795322348357766
1.1894780754283736
1.169934543454723
1.185846012868699
1.167593052053148
1.1778390965643961
1.1947964448837718
1.1746184632277032
1.1628014312428274
1.1600292104824332
1.1764869169824441
1.160848970246163
1.1622254149928974
