2.3038037263663713
2.294443781968135
2.310309698627253
2.307953252913846
2.326418718714623
2.3217035828122667
2.2637636509670576
2.1227440067157626
2.0621109935128765
2.00310642248506
1.9548009960514725
1.9166969007747188
1.8707235003732572
1.8317588491804282
1.7580476710750799
1.7293436739854753
1.688164444486047
1.6631397958014422
1.6172116668361007
1.5783161289373022
1.5375596102635571
1.519791162697373
1.4650922899792909
1.458051037636532
1.440468927857223
1.4141170037020543
1.4009827762652354
1.3905632913492287
1.3658805242769279
1.346977466990234
1.3416544335662939
1.3163940860966967
1.311195444908871
1.290050876368383
1.2910488111198328
1.278761703117638
1.2624528252395095
1.2453531228053343
1.2539622624208973
1.2303565994949097
1.2344131951878785
1.2248952012912484
1.2083363745622575
1.2148053425892142
1.1945709430488052
1.1882525485032682
1.1758139942102372
1.1672935914841427
1.160911933631654
1.1633019079068663
1.1473899483680725
1.14190587192584
1.140040959522223
1.13219738272345
1.1222277002729428
1.1298209014971545
1.1177521203733554
1.1065363899158065
1.1102868276796523
1.09810968113553
1.0965359062905524
1.0806654536040725
1.084703566542097
1.077366004324263
1.0686537008376638
1.0653540567987283
1.0628679527598581
1.057062732945582
1.0506475245117382
1.0392975457914315
1.0376001755902722
1.036055829494622
1.0272586953108478
1.0302153966229433
1.0221331423255289
1.0175631152596443
1.0158855022898146
1.0021503810669965
1.0099147767018362
1.0042739016994549
0.9942271553786697
0.9945108924701715
1.0033181898153511
0.9823295903054012
0.9812862185915564
0.9752240647935564
0.9850558585422055
0.9805931752654398
0.9780904722821181
0.978363772106778
0.9652435976988191
0.9666716923379595
0.9659260917621054
0.9649614072909021
0.9605678619852491
0.9574768486296296
0.952096360883895
0.954626989212765
0.9513906308799792
0.945075540026282
