2.3550051488694113
2.7045857511508236
1.8636524320408037
1.7786575540615495
1.6487875121414282
1.5916003110302481
1.414570019503308
1.6232509362469814
1.3794330981127016
1.4619665145874023
1.1933311968092706
1.5962053453846343
1.4298054845469772
1.6813165397401069
1.1713041203796484
1.6808256313299677
1.2674202315366951
1.5289853256978807
1.2158601599134458
1.331461180926888
1.25573772685543
1.0688666257129353
1.232656508873982
1.1251153137273848
1.4824489370273177
1.4083662853119479
1.116827383162869
1.3326494177435613
1.3616358015187986
1.5245442299326515
1.2864955432096106
1.5714005239450248
1.1685263393031564
1.6718331537428934
1.1638000098762997
1.6165443415854388
1.0673542937655358
1.7151466987694903
1.2153535682684298
1.9310587659762923
1.4153153869756467
1.934615019020761
1.562033182496478
1.5513162066222757
1.2587130225388108
1.8402460661663371
1.570086763163281
1.512690296598301
1.7659769764371738
1.347694534405022
1.5540171178283206
1.882059195998368
1.4222870495668642
1.8116365549670663
1.4836173239786914
2.142795349382291
1.3701834018063392
1.669842477816685
1.854478365296771
1.5547901232531116
1.5871966963361024
1.5088076883820212
1.6839940441641839
1.3207676308170246
1.8860968336178239
1.3240866706629468
2.304543687279817
1.5310066163919533
1.9708563248822644
1.7141482966720678
1.8729897441378065
1.5062385953156052
2.1292646371634905
1.7094470315678105
2.1533438422877316
1.6523401820735566
2.4302334345070418
1.8560352781016356
2.1535082675848796
2.217494288067909
1.7018118420983577
2.378327662018454
2.1197233291188624
1.9132466984402603
1.8217610690244443
2.0777677426672287
2.1512291962933388
2.298849981301909
2.703934823631481
2.686639193516628
2.157335231258611
2.1748464259372393
2.2619019693629756
2.409303431298323
2.941678467070221
2.0539234914597433
2.4247529916702564
2.8722382540915423
1.9811408884206396
3.8117013539478277
