2.323995518836246
2.6484586782516186
2.3621789968697127
2.2135999476074413
1.9250411729144443
1.7337007241643918
1.5497808289376034
1.5181704023081786
1.4451048708265755
1.3402131347899224
1.28367592498755
1.212891536533453
1.201470816211336
1.1231048855052632
1.1258596952553768
1.0844650541900829
1.060555901497033
1.045944249554045
1.0695685398806432
1.0339596347444375
1.0033924101264613
1.0226234224191897
1.0421594495226623
1.081373192322482
1.0175955948556306
1.0645492505875362
1.01974999107373
1.0384930019166059
1.0330507375632123
1.045682324345704
1.092555023302698
1.1081224053528658
1.1471550187487511
1.1203892200615755
1.1380917612154773
1.1321122570402304
1.185456259235455
1.1966240565488293
1.2405886266641557
1.2665638232686718
1.3377593155879124
1.308728611013692
1.3721632984033816
1.3588881390109944
1.4174696385480796
1.4630112693567945
1.4577329356199618
1.5066238774615488
1.448417017793959
1.4326027939274053
1.4267632498103342
1.4182352518579762
1.554323401420739
1.578643840589341
1.533861170908448
1.6450724100611012
1.6939289535686468
1.7204894115970393
1.6615407865518217
1.7270152819384434
1.7526376353707283
1.6989024831990527
1.9657782126384176
1.7658876742526983
1.860603314296455
1.7756477108426914
1.8262856963333811
1.7077795821390334
1.879956130009548
1.9346788293996435
1.8517662423431493
1.983013297342191
1.8039988271749703
2.05314000169183
1.8942243825098513
1.971370048583693
2.12873953922539
1.9554657776644275
2.174311638637713
2.029099702075788
2.0201998599775277
2.110054995603622
2.353285570053538
2.2343132723668577
2.1595192350399723
2.190241664078585
2.2487499668340014
2.202254253587905
2.0791730182186052
2.2812220078365057
2.412392152342827
2.3107850164364856
2.271943500087519
2.2713658900777247
2.264006645816147
2.348088616018842
2.5904146432876587
2.3695530101751827
2.451266679034871
2.5538120573493326
