2.406260109251472
2.2100105558990673
1.9429728369803945
1.7439093969430133
1.7809156012383236
1.5868833133369495
1.6474302498398312
1.4794921282750026
1.4480516546091455
1.3703562294601634
1.3397584242425906
1.239550002820932
1.2301153555797164
1.23494935415353
1.0921132101374826
1.1296332410186718
1.0870886137531062
1.0805086637758146
1.0712168733025813
1.0203192803510435
0.9707829572592571
0.9633147636796259
0.9542115228191302
0.934394474621791
0.9159896423102943
0.9134452194924567
0.9413856909533215
0.8599879449340189
0.9158950831480087
0.8326041668084017
0.8868542727391431
0.8287037322475652
0.8364413342658122
0.8131408288979985
0.7951634617368127
0.7938529152399415
0.7858307433735793
0.7824196504179839
0.7349176241713724
0.7221788758305228
0.8161351817428686
0.746809747758185
0.7957864445485886
0.7184396587359677
0.7814862084616522
0.7163441277992953
0.7481223900986326
0.7330779076381854
0.7509948305643288
0.6948338359784169
0.730223577683139
0.6946109127087198
0.6636913492801083
0.6104148220104776
0.6539359229385473
0.6147657050068971
0.6155064603325667
0.6169984655775083
0.6231263101480569
0.5871559375790274
0.5835108616549498
0.5787571205455027
0.5775912062377687
0.5979501992274242
0.6041181822111652
0.5580219164205964
0.5991476326231744
0.5828525572066094
0.661247392368924
0.544261825122651
0.5499672630600109
0.6310720513960358
0.5587421518032718
0.576355518239319
0.545797168259408
0.5520963832071633
0.5332483112052747
0.5536145313530211
0.5526140933963144
0.6491806543177101
0.5706906650856043
0.5509867585578542
0.5491108613409055
0.533763667200781
0.513806072105268
0.4954210429624387
0.5182009145712397
0.5176795808372984
0.5457320161116351
0.530195164167957
0.5297795465797376
0.5500993592913743
0.5330881868388243
0.5488504911683927
0.5201652109812779
0.5569680784917941
0.5081253791121161
0.5550883640149596
0.5052224298001854
0.5091710138093134
