2.36040158939969
2.399994496327297
1.8960712965886304
1.7876257585112456
1.644380474546153
1.6676985974524432
1.457627193183656
1.5802296620265694
1.4904109372454843
1.7471850267641105
1.8250281347590647
2.1550668986739625
2.390904027944917
2.618004432909048
2.851589732868656
3.7323625816661083
3.6316192818295425
4.222379051196348
4.129574001215066
4.6768364906311035
4.415151333353322
4.900886892513105
4.600505748372169
5.7070187003749195
4.98246548130254
5.8497420724030516
5.436019347731475
6.130461944895945
5.349766603700674
6.909452113376301
5.442403068967685
6.955607553955856
5.7567251503087915
7.58158606328782
6.065883581805381
7.560810204524143
6.237380938924802
8.12920641139814
6.535456763710945
8.500352792679125
6.770438722744109
8.786405171558355
6.826505147727432
9.069439906223565
7.1505859034835915
9.539515331292607
7.278169744333644
9.479766110705722
7.388380970924524
10.37752675098978
7.793502579828736
10.48647896043814
7.791393316475449
10.614438561117574
8.48406101943581
10.641106508340046
8.88352810197575
11.044577228035896
9.20245104079034
11.417550384618675
9.733630046722995
11.65908656758108
10.011341981827075
11.67191617807765
10.108045277322175
11.788126471695627
10.827604275600166
12.452853664471085
10.603594488399043
11.892639804038273
11.243207457718576
12.191805602638585
11.594979711398956
13.803616092463209
12.6358449595749
13.346062897117275
12.67107212771276
13.039248539384003
12.129329553834951
14.023825827677538
12.576537976599043
13.631374614253925
12.875263936960014
13.824159415664187
12.132778550409208
14.394894624211986
13.335098752550259
14.633963062505053
13.048526235446808
15.277627106684788
13.04625631441736
15.228237273586783
13.084246295272925
15.340332693355098
14.09205103831686
15.538838544468971
15.046303214540906
15.804384820780177
14.570225308655173
15.52203345450626
