2.379533034221382
2.5968108480902994
2.3060577158715314
2.1819880532610947
1.7886085882308378
1.7069526979118397
1.5774754824911712
1.5996783113783333
1.4553630853154857
1.451732803302206
1.390886865603696
1.3438087162698151
1.2702913690524495
1.1898707162802387
1.172417048815709
1.2196302212727297
1.0992470843017481
1.0948859119111565
1.0861624600780997
1.0266223792817182
1.1235521124426726
1.0196809411808183
1.041786687389301
1.0280251685221484
1.0407175391342989
1.162796120734731
1.049059558066593
1.0952429486687776
1.0333845854564836
1.0181798608439743
1.0491796170070673
1.1122919408379086
1.0438579632218477
1.1848232491760498
1.1587178399608393
1.1304708335809648
1.139471677078563
1.1894497279148952
1.1470797650373665
1.171787955578725
1.1498077177697685
1.2756617642511987
1.2463557321554537
1.1731926817802867
1.106181921852622
1.2350197893798731
1.2975682570676135
1.211740130451834
1.4515324698132315
1.394420456354785
1.2484674279097538
1.4283958457078143
1.3773579643030835
1.3920993725205684
1.3109086888610937
1.383118203111515
1.315429537159622
1.3328375163351653
1.3409692827303699
1.3551978916878913
1.421465508877092
1.372370911251967
1.4564609330171232
1.3689639059601315
1.5090964470699335
1.4880862570112678
1.6640133728646929
1.3732606305438242
1.4137020486934928
1.488624431145419
1.5089617819543097
1.4422394329575217
1.4912674168872226
1.4937613317920904
1.4775073649776969
1.4519170553061613
1.562519133090973
1.5124816499697935
1.7168461896811322
1.7699211023415728
1.7088891586680321
1.6925402659519462
1.538194570951401
1.6879170958403569
1.5019189305366225
1.6277096484117448
1.5576373938542263
1.7234467579300996
1.8220315981822408
1.8290136672888593
1.6690918655152533
1.5166108342492657
1.8270979831173162
1.7578755920859659
1.9631817507895695
1.7526373764511887
1.7976636879003731
1.7515689305439117
1.5975983917333518
1.9563188431369272
