2.401312653426152
2.1438544502683508
1.925175104930902
1.7433105760319219
1.6728011635458393
1.546242459564452
1.4808888404991976
1.4419812320903609
1.3620333929730069
1.2974107705863418
1.2464911132861094
1.2185599416684194
1.1886298459046964
1.1446649553669486
1.0969960514906865
1.0656425451776783
1.0132290747514956
1.0411188162056504
1.020739753155192
0.9687135508106013
0.9926364759730685
0.9272018579920386
0.9423485941188351
0.8990116119384766
0.8863142189706207
0.8478091135146512
0.8677441242394174
0.8347576252973763
0.8921605538410745
0.8247287683426194
0.8602444996499712
0.7766535375148628
0.830363417696801
0.7702363139125192
0.7823341056040138
0.7431288913936372
0.7758840182024962
0.7406460143578281
0.7430569299846698
0.7829494066299147
0.7220634696589914
0.7548065531026026
0.7077828890578762
0.7327470132120096
0.7232055935510404
0.7553084798299583
0.7162121447028628
0.8077438327537221
0.7127403966180837
0.7536595277725511
0.7104415056432128
0.7696861899962091
0.6964708217390024
0.78239967906551
0.689078595797727
0.781275393097264
0.7306531183658891
0.8581885592952655
0.7410599342577017
0.8799887747521613
0.7486831908393058
0.8527412687896923
0.7439758855446129
0.7974565163919121
0.7874494007058964
0.7445838219800572
0.7714096658928379
0.8121757873683978
0.7938886501227215
0.7411176511056864
0.8356575498915022
0.7540418699288823
0.7923453998793463
0.7821946650933308
0.7922496210997272
0.8328037047462099
0.7356004916178952
0.8151922808710936
0.7514953250717965
0.8639880616194123
0.8537051286667016
0.8671907334570672
0.7474415049811077
0.8459136911258576
0.8392866996063548
0.8398145441037075
0.8383105262449593
0.8842999633330448
0.7765766792236619
0.8993454305988968
0.8110396898096535
0.8361788859033281
0.8262760861284414
0.8420798167301591
0.8372690852280635
0.7926611156220649
0.9234601069407858
0.8544218401620343
0.8600956805192741
0.8576170280101193
