2.458133729400149
2.0662673613068403
1.931478752452097
1.7204846622078283
1.6552633077475676
1.54750799904963
1.4610057886998364
1.370267213529842
1.3354292386656355
1.2725836714361882
1.2550672938109964
1.168426024306352
1.1816276482715729
1.1071890467291425
1.1270123427840555
1.0651855533290062
1.0276718029550687
1.0046336635662492
0.9825030094499041
0.9830118778404916
0.9264017814283918
0.939089743195066
0.8979459124006284
0.9221109189804951
0.8576252190930069
0.8993561404525854
0.8502304318604196
0.9181742125256046
0.8105230152986611
0.8452730395232037
0.7834670145040864
0.8468357111997665
0.7631057210408958
0.8292943248703222
0.7613280134595883
0.8612810995928042
0.7531052598148394
0.8260987399110369
0.7462700062496647
0.8046777153470713
0.7799093563845203
0.8220875513781408
0.7598439232938609
0.8168915062193658
0.7403426088724926
0.8181188357104162
0.7539086486123929
0.7961550024664326
0.7481884411565817
0.8342881295711372
0.7880517783438324
0.8267202474129428
0.7522963606248236
0.827622211662827
0.7297504515784561
0.8044148835406941
0.718349023799228
0.7994460750157666
0.7891592831368659
0.7958230355362983
0.7958594365104749
0.853410539353729
0.7553264477830024
0.8396816266949769
0.8035760755371896
0.8102533576215148
0.8231480977717479
0.7979049532656457
0.8151866256431409
0.8442098276250681
0.8530247209558062
0.8250103628939125
0.8518566722702828
0.8742116917470458
0.7929411836110862
0.8482645805094652
0.8445098939215302
0.882868859608462
0.8472311728319545
0.8696427850206946
0.8859756423789225
0.8844732435265924
0.8915833060149174
0.8961618626193636
0.9544071794315508
0.8956015334007846
0.8861208455577777
0.8348408500859692
0.8708592319184807
0.8670961928975051
0.8913197099782859
0.8885554337197807
0.9217498289172057
0.9747692426298834
0.9479938737905709
0.9478255115496884
0.95432201274641
0.9832293983477696
0.880775138830683
1.0082049943079614
