2.4481838508776037
2.0883631850503814
1.9070698455640465
1.716812768559547
1.6546342843657087
1.5439015907846438
1.45260737124522
1.3768757376701208
1.346658632254145
1.289793957570556
1.2780202763855077
1.1690655608845364
1.1859732957402611
1.1061401325426283
1.0908253272627568
1.0438041690808193
1.0175388500948621
1.0196142090353997
0.9661994291718599
1.0048641000583673
0.9249708307017187
1.0026474739335904
0.9117904316847492
1.0020792040095967
0.884395125944903
0.9894674545640398
0.8927673226708819
1.0265596979742597
0.9345323367483297
0.9547848154784767
0.8960060177335314
1.0149147544696833
0.9378054768416533
1.0526439031218267
0.9576202091897369
1.1389093467384388
1.004982026139642
1.1240023602345945
1.0280809945361629
1.150906988010285
1.048972583500443
1.2035644050616368
1.0920607831068099
1.1415580195985782
1.1059263629518497
1.1990403453255916
1.1354559333461105
1.161607332290358
1.0714012881752792
1.2344560444734658
1.1683126350117337
1.1917486642576327
1.1376625200745407
1.2399861899910458
1.1441152881664836
1.1880424907253047
1.0542566954709922
1.2486423671625222
1.2015858782324822
1.2015653203247458
1.1776312396025201
1.2178831681324418
1.138382480402661
1.211678164400113
1.1571396437420207
1.2447989841175686
1.2400585238341313
1.1198955854033208
1.1610976799278503
1.14843628209108
1.1985808428685376
1.1816859883107957
1.2551062171626244
1.1951362619734114
1.122307864344044
1.2821418544289414
1.2132069487480601
1.210421349971917
1.1694975453577223
1.2248218192416391
1.2374150122806524
1.2115723589423355
1.1375154234041833
1.3214444776249539
1.1679440672230568
1.28049587785818
1.1684820652008057
1.2209897887934544
1.3392666407451508
1.3392188321253298
1.2974232211234464
1.1601446016578918
1.3334185621541017
1.3395217941824797
1.3281668781474898
1.367770221962291
1.4252268656803544
1.398544997925971
1.3136361040127504
1.512818024416638
