2.3032878174143994
2.3070781549830346
2.3057814783351436
2.309603322083783
2.3086488474706175
2.3117058839008306
2.328586543441578
2.361630233230105
2.4115362896281445
2.32553772713728
2.18249619386758
2.0055947858057204
1.9797449278983341
1.8640444901338808
1.7906211052730585
1.7635112560478745
1.7319512435585072
1.6904676393338829
1.662354157988433
1.6275594652078713
1.6081594934888706
1.5858637831013673
1.5263018274003533
1.5330409381040342
1.512869677725871
1.5096220438647423
1.4649400976812763
1.4795316731094554
1.4377125661084607
1.4550901674161292
1.4186873306894
1.401922494742521
1.418569100130895
1.3839470436618586
1.3862384056589405
1.37924482412399
1.3655775831003858
1.3467115759849548
1.3597980919916919
1.3367101796873055
1.328558185297972
1.3226073069177615
1.3200553526544268
1.3157520548553223
1.3085516713986731
1.2991559752233468
1.288608645557598
1.2837342312381526
1.2807374516869807
1.274576023885399
1.2684767876461054
1.250958630993108
1.2472675742617079
1.252618478361968
1.2585511222766463
1.2480163031322942
1.248622118287785
1.2361512199328963
1.2274377171401005
1.2334417526129704
1.2341402453981387
1.2340205645864937
1.2157468928652964
1.2225452733647293
1.2126414286103218
1.202441919761099
1.210654488414716
1.1928957898146029
1.208988523407347
1.1946186347372214
1.1931496721923731
1.2077001902707822
1.2092524410053422
1.1967536750113128
1.182828317781922
1.18450476903065
1.1724645567547745
1.1664740037006938
1.1792165606644502
1.1856113964584982
1.1701203960521964
1.1767121124419437
1.1745209390190756
1.1528919126577437
1.1525039224867608
1.1502267281720593
1.153083466800155
1.1513073398808764
1.1551019925220756
1.151563814111576
1.141254847976053
1.139425347565086
1.1425834374063333
1.132373372080979
1.1391930485227306
1.1404719720980165
1.1246759899102958
1.141503818855164
1.13890234945686
1.1236157572952805
