2.4112012522995094
2.173982156310112
1.9306695354971917
1.7440418483345372
1.8087395938338748
1.618597786138012
1.5980380249630874
1.4650155723474587
1.5011314806664826
1.3389539475653582
1.3283881617199844
1.2200247387217868
1.2548727005909963
1.2354956614743373
1.1065240312533773
1.069113030555142
1.092356081601161
1.0455909796581146
1.0349177642233054
0.9795287858908344
0.9833199059128002
0.9824282394093313
0.9622575944396341
0.9398657501123513
0.9158751767152434
0.8950971987596743
0.9519970500545137
0.8647334792052105
0.9453585379442592
0.844591711357141
0.8652873639088527
0.8686340242434459
0.8279599995370124
0.8180316717002043
0.7898311068297951
0.8153406248730459
0.7332031512336367
0.7141007147017558
0.7215844800897465
0.7149494763012905
0.7586478494155179
0.7046636589773142
0.7268324818960421
0.6889336073094872
0.720605750562279
0.6883825908420952
0.6835471583399803
0.6868253663466994
0.6821926949889796
0.6465917212568271
0.6445263982958095
0.617838748131588
0.6225358262942855
0.5957998709314188
0.6279390621337162
0.6177500279466058
0.6195999140952043
0.6079793969157395
0.6170409378732086
0.5717573892918362
0.5698525891372352
0.5718163158863213
0.5476775416143381
0.5803705273540156
0.5572669373196402
0.5338617855576193
0.5665541528516514
0.5852894718479958
0.6208082147084983
0.5335399871039542
0.5467503753247535
0.579039046149345
0.5485997174386006
0.538818546920825
0.5328041822857158
0.5222129215290592
0.5097378504693888
0.5282526107350732
0.5227096468969515
0.5764593614894113
0.5233017826915547
0.5165478940222673
0.5250305595101824
0.523232674712588
0.5063251806482388
0.48625118859634275
0.5038143933578662
0.5047672614929782
0.496405815053138
0.5109368790486816
0.5006574033551915
0.5315758890596924
0.49038069405753143
0.5114394858194764
0.49651457578133623
0.5514109882579488
0.4692798459985454
0.5187676065856484
0.47384686160619094
0.5016544131906169
