2.3547820938620596
2.1456963454082514
1.9909638348658374
1.7969739680077619
1.7663403316667885
1.6595332918653063
1.5200685270273002
1.5642296060635026
1.4751622737592953
1.4250601894536596
1.3574754652703644
1.432777991720066
1.5589054853293547
1.4005501854951214
1.2856464082268393
1.3188020750215859
1.1645758524062528
1.2720543438461935
1.1002886724320187
1.0758602873534913
1.0458338545386199
0.9425055445379512
0.9686614248403318
0.9618756865999502
0.880787734772749
0.9569364843095184
0.9084795174325347
0.9928197762009444
1.0047655872478607
0.8774043625327432
0.7851426992446754
0.8952773763875294
0.9025250232903061
0.9437025998048721
0.8443677379826832
0.7186629164750409
0.724326475031057
0.7931251761260306
0.6957123169473781
0.7875629095894516
0.7283748826783174
0.8057582733357788
0.7314578364988801
0.8025147267587626
0.6908520484805867
0.8270378165943607
0.6496631742283038
0.7386660370857093
0.7307117159958858
0.6890317797660828
0.7200077874645306
0.6792175188945357
0.7219617023209858
0.6341756739813811
0.7891740755290743
0.700676385004809
0.7039908417470896
0.6464399046199337
0.6869660279933055
0.6164771164678464
0.5919945572212244
0.5491109372703893
0.5521521733444967
0.6096483565819492
0.5720437939759273
0.6294888483870561
0.5608904192781752
0.7024092410400415
0.5571969394471236
0.6204680172121448
0.5539892558838911
0.5759969376454688
0.5479987048229594
0.5575916319136407
0.5731377959441227
0.6649557606429811
0.5608211546946483
0.5217881849996603
0.5272824925601862
0.4975061502046646
0.5478039651539675
0.5116287187975683
0.5194987782816978
0.584112767391144
0.5322873939754097
0.5474507534390043
0.5779334720532605
0.5402437180850157
0.5720518964111425
0.7199821035573437
0.5451552662879798
0.539454407183228
0.5799912407899358
0.6539263205163798
0.4964410711056108
0.5323466816145903
0.4700509384749042
0.5008169798904164
0.5301516816304748
0.5186158680612114
