2.4520730941918245
2.0702203588121257
1.8950826263731453
1.7203138246657743
1.6596148052033346
1.5316882315714648
1.4635219422115642
1.35590573936511
1.3395554859926746
1.2603492326797194
1.2433343947313393
1.1761883447883994
1.1782133818432023
1.0939764505738665
1.0773282567406917
1.0389014459719323
1.0177227395355322
0.9974322573394533
0.9736807718398465
0.9719712897470802
0.9158736414210812
0.9330500227630518
0.8870923177451845
0.9192593986061728
0.8466181326064335
0.8696380800502316
0.8110912939545455
0.8474125550810698
0.772046739508392
0.8047269210693943
0.7462978826206961
0.7793960427023043
0.7263263220999651
0.7514651875207379
0.7017135889666855
0.7342840410341882
0.6793412985695395
0.7075993781256827
0.6525749089611563
0.7119395508887661
0.6443198985734563
0.6899050861407238
0.623758441513511
0.6617691292884244
0.6118704426060816
0.6368732564388566
0.5916783528722775
0.6169398394739551
0.5805794277768226
0.6051022609707656
0.5752459536692139
0.6035560153092548
0.565592108828247
0.5962760454150522
0.5541889451111958
0.6025010808637947
0.5492382768992405
0.57584932712233
0.5377465606115426
0.565031544418092
0.5339101691534565
0.557163719159023
0.5229230022923962
0.5517997717022136
0.5261426519626266
0.5449020641434724
0.5073758192882416
0.5316245496083217
0.5070031373553975
0.518542786122887
0.5001691901569914
0.5212995416609345
0.4959751604848607
0.503811038318713
0.488531141713926
0.5095356032726871
0.48489439572877946
0.49891679700772473
0.48535010294549785
0.4930905050532833
0.4763007921398066
0.49129130183511477
0.4757429633740407
0.48641631415315495
0.4702075418013676
0.47569317954361057
0.4619730818233672
0.47190314360484953
0.46281500929480146
0.47158149387806086
0.4633414201485883
0.4638936688565904
0.463055609517796
0.46345200726560726
0.462963292363343
0.4553985773188293
0.4592326727642375
0.4553079158067703
0.4588560099434701
0.4493078973832404
