2.4016866198011266
2.6845893571331243
1.9574166733747835
1.7849022438571711
1.6263803380310156
1.6282248929807335
1.4632011697550489
1.6550815948255502
1.3448264279942603
1.3357063049723388
1.1763022887478969
1.5126735624993684
1.4440924559429194
1.5044753931130572
1.1439128635795253
1.5289128229116937
1.0819001634409473
1.4222802827312688
0.9730306529695061
1.0767895571745125
0.9733497568756152
0.8350214722809518
0.9826360963712073
0.8177342578104347
0.9269134922392049
0.9593592172215699
0.8829055916351877
1.0870510446038215
1.0360999547751846
0.8989855734406004
0.7821757992741408
0.9138241383680112
0.7535849767885391
0.9117486131419043
0.7517979591135766
0.7925378668839764
0.715785229092191
0.8831942611059566
0.7212423469610275
0.9230755127159653
0.8393863944491003
0.9775006125687035
0.8110498178536725
0.8998154172092486
0.7744588711459166
0.9823046596186935
0.7759309551518434
0.841957315897486
0.8419312166560228
0.7787372255401247
0.6854936600111092
0.8538104679174484
0.6821211130376075
0.7590560504964962
0.7220513851019987
0.8419933423494838
0.7026236218631647
0.6509225550730517
0.7318436028851065
0.6350013917418802
0.7148518727463522
0.5761934957306856
0.6384440941415774
0.6239984411342888
0.667237958331017
0.627422884771019
0.7275678737528005
0.6800962075306352
0.7208191697384901
0.692253255730222
0.689599626003557
0.5779079303240321
0.7216012884097495
0.6020526578471919
0.6742102374696428
0.6430429030375876
0.7276933781660286
0.5369195008923293
0.6400469368810107
0.5540287051421062
0.6162705229725808
0.5833642938334471
0.6082604791328405
0.6469549483554379
0.558200226372974
0.6081741298459897
0.5586929256749001
0.6962068889551102
0.6762832220952222
0.7691592473513001
0.6435528196346988
0.6155771375841396
0.6050549515873004
0.662558544118693
0.6091316628987622
0.640107273391098
0.5584715735760464
0.5328192797246253
0.5311946129533136
0.6220974094548802
