2.3314366249521825
2.6487290661805756
1.8638325876491084
1.7310467882520835
1.6191571297918914
1.4696034162667146
1.4063076502198626
1.2805113967057247
1.2443745857591082
1.148439331419149
1.106131435579555
1.0238590187327876
1.0119698932216425
0.9311908965657472
0.9671429710783017
0.877618831813715
0.9288451747529826
0.8386205909358468
0.9146660987738591
0.814026991652835
0.8949366667468077
0.8038645536656592
0.8814900456720097
0.8072377006719067
0.8861989151140687
0.7903132425372008
0.8612944510332339
0.776113913886866
0.8356903905321837
0.7626152672585408
0.7995268651254618
0.7386685947703707
0.7570029797068067
0.704903680807466
0.7513714216317341
0.6702382877753799
0.702612311597083
0.6410144138488041
0.6824861933850939
0.6240666540944653
0.6429671193384061
0.6014023611120357
0.6154671318971427
0.5780745674470428
0.5952461534624647
0.5697575750624299
0.588599961464572
0.5542438224812222
0.5802062446144736
0.5458297619394435
0.5635968265449924
0.5365687361948049
0.5466084187008013
0.5255612360823686
0.5323213323666032
0.5228633213384896
0.5395382459566092
0.5097263053913784
0.5281871288635169
0.508365673339291
0.5230847237406263
0.4979244744891574
0.5197382975535788
0.4976230394688381
0.5068502377742415
0.4919214186964521
0.5011107134781067
0.4916321174923781
0.49906238021364635
0.48518805490557554
0.4828588593347817
0.47746279759771504
0.47585869888970805
0.4733270703797128
0.47223716793925896
0.4685123092050006
0.4663929918389412
0.46989131049745403
0.46031745186277256
0.46243454572881104
0.45378683194233355
0.4633050203133541
0.4561597380288847
0.4663780883049509
0.45218421623205685
0.4511331168899111
0.4487861562876185
0.43903402329250507
0.44337159100991147
0.4408901571088536
0.44491446122622036
0.4359423771595499
0.4382674312515623
0.43401494299530224
0.4397644043728045
0.435620264357822
0.4356815452408639
0.43301743620140537
0.4348715044510592
0.4283443075266613
