2.3614735998165837
2.8105184773730625
1.8470693029415834
1.8386756105787436
1.6626737072209643
1.5704376651982592
1.426604775106831
1.5779390054143918
1.3816708857846107
1.3880237470007246
1.206288762153334
1.422435834908941
1.4272625886710586
1.4744302019192155
1.1653830044588465
1.339772156849029
1.0476386911550146
1.25677833397677
0.9731874959484027
0.9988488205678904
0.9561460306689997
0.8366165536983757
0.822311637507882
0.8588403015379693
0.8748216934644493
0.9953385564931638
0.8749746518909551
1.0152576296192826
0.9649369342691579
0.9000716885184027
0.7417176008983782
0.8564741370404602
0.7371092476662556
0.9251142280876257
0.7741722162741764
0.7218170010360183
0.6880176228702448
0.7512746343187465
0.6524667124839345
0.777434520660692
0.6778039605754196
0.7710048218441617
0.7421784484462374
0.7763237913323057
0.7147426844402484
0.7775531872442574
0.6748772314779318
0.7359213608845024
0.6871871008614826
0.6960950085691585
0.7088440284607517
0.7718462123992337
0.6809289043496369
0.625495493981489
0.766589706870401
0.6854810906443626
0.721444722953116
0.6114919627927671
0.7298619071389459
0.5529005436380957
0.6091719687364663
0.5278036826924913
0.530213148540752
0.5870487255275629
0.5613482645742452
0.6297107857124061
0.5365635255339799
0.6864436916105306
0.5739341385804924
0.5985328621545415
0.54464170422144
0.5401927766146933
0.5477516623629126
0.5558751089747545
0.5669944959271486
0.6817882326757831
0.5939349239798868
0.4892839030095726
0.5107665158760776
0.467714881915955
0.5562157790372326
0.49372643611993
0.5142209719700418
0.5231764630717077
0.4949736743216302
0.507038973129479
0.5453841922579298
0.555843624719389
0.5749335222563167
0.6826277451150736
0.5270466045209556
0.505813900167775
0.5908858034830944
0.6227493956210507
0.46655573776573134
0.4972650660261227
0.4507905763995116
0.4398735503482211
0.4636701849425674
0.47371653187426793
