2.3089661051513284
2.3078412569252547
2.32045705455124
2.3233434060576617
2.317951408920774
2.313419607794209
2.273593822102638
2.1246857331816558
2.0847891880448457
2.0421991105292254
1.975348579655787
1.9566623207869802
1.903264710098315
1.8489995260906826
1.8161399045567603
1.8361336197822717
1.7652477375261344
1.7093773685443174
1.6880793541100374
1.6255989985860837
1.6241573573677404
1.5918728287812252
1.5321256818285414
1.5378527975386116
1.5181062722661693
1.490660378887395
1.4775051987095245
1.4491891170003612
1.445059543961932
1.4188043577655864
1.397132805198621
1.3731805146879452
1.3830816442040121
1.3300033002901988
1.3372273946263988
1.3197976066048738
1.301969561607215
1.2827699381834383
1.2734565214746316
1.2599391785396892
1.2590432451788787
1.2446730877183805
1.2369134619737128
1.2783237836163515
1.2345770513935455
1.2262790468847675
1.1815184013099427
1.2109107887668975
1.203104289094354
1.1691645907748276
1.1855826981508049
1.1607161859038528
1.1605364828352716
1.1571134822383808
1.1362983948865515
1.1548778502045163
1.1578378210401838
1.1426149492810487
1.1028033703755422
1.1029904306314553
1.0862004517749617
1.0952277688463783
1.0783796879895933
1.0874821817039684
1.0732294514680365
1.0679296851158142
1.0578169260814692
1.0957414314245721
1.0608990796052726
1.043962747428068
1.0324685793773385
1.0390310948062096
1.0218904808068732
1.0436674451372425
1.0364916605554568
1.0723496945041
1.0186301006633005
1.0230232226620815
1.0120265685069334
1.0000755570496722
1.0137815505835661
1.009806162992101
0.998700485108005
1.0226733456751345
1.0208635022685786
1.001498754996403
1.0144360126203793
0.9944092961633282
1.0125506163402727
1.0133510292715329
0.9786827351636948
0.9852561905125904
0.9943522347766123
0.9848067187199927
0.9660743790067685
0.9715647389934321
0.9646152648956153
0.9599075032647248
0.954669336984112
0.9656077262702262
