2.4569293252981392
2.3209744593140424
2.2914214772023973
2.0503426334660526
1.9610935844433535
1.7995336799864556
1.7528374293807205
1.6466434989005896
1.6200460172762536
1.583174916589336
1.5412389138701614
1.483650194611519
1.4532136135040574
1.3927764140876235
1.3867969657205472
1.3323474363156944
1.3120159108168001
1.2714845739352476
1.2663805617648325
1.257331165538472
1.2276060588800224
1.208988199188451
1.204865632922786
1.159837124453988
1.1557980882134407
1.1184106510915575
1.1054416811390289
1.0826126617990481
1.086967945098877
1.0608191911581974
1.0242729756482847
1.0271445015433487
1.0148446738340293
1.0247341515911612
0.9874157199434414
0.9744727262266123
0.9801406978042262
0.9799372876525685
0.9561222510732663
0.936343484623417
0.9347960580686095
0.9413230179981061
0.9577899229754309
0.9343402731190821
0.9290075712143235
0.9211861510185679
0.8895826852245695
0.8834068554981499
0.8832100607027673
0.8928199364880848
0.86690213877684
0.8563311510025315
0.8535035431005393
0.8512556674374137
0.837932705499564
0.8354857571565422
0.8352290672861087
0.8225067269270587
0.8265873083643093
0.8241942771680796
0.8170605647336145
0.8189824371580865
0.8245248088411464
0.8397645365660358
0.8251002715651397
0.7979774448522337
0.8034929971026766
0.8068770284106017
0.8181382334156401
0.8121970964085524
0.82002041673964
0.8059804219349175
0.8220028938001888
0.7955925198876934
0.7946676816909936
0.809062992311587
0.7963190344488544
0.8008307028727927
0.7885084292691225
0.7986795511215355
0.8043559368248958
0.8004826937511469
0.7861438944081592
0.8120875814158446
0.793040350364272
0.8244911724594748
0.7869828305426677
0.8109172575033394
0.8050236413433294
0.8184108316518699
0.8148536040524769
0.8331047364860583
0.8198882409721423
0.8120823438000527
0.7937536027021469
0.8145873041669275
0.8124102376828528
0.8190450387395871
0.8321394183833128
0.8232906840409443
