2.305263760742868
2.3141555953177675
2.31798309429436
2.3113471930194054
2.3133886285648226
2.359551191329956
2.300013103302877
2.4130928106368725
2.321740445058057
2.1659909828453308
2.143847896794605
2.0445869136008485
1.9878054181481624
2.0268264826695632
1.943594906740128
1.895249010650975
1.835532021370663
1.7790363017161182
1.746338162452552
1.7422184458204135
1.690584234371307
1.6526126656562659
1.633716180825689
1.620069385334185
1.6040469081538498
1.5830877821916227
1.626400688651261
1.5581740011834795
1.571122529400382
1.5412152914484596
1.5196411541313122
1.5101406581842216
1.5037930581220396
1.4942950837931055
1.504525632615302
1.5075536343702085
1.481466882547755
1.470968700518274
1.4553396101969822
1.4660716034044885
1.4545892036644517
1.4330666566350658
1.4170129109340108
1.45983376168901
1.3995812706127289
1.41831830884241
1.4418832412950553
1.4138417578047249
1.4070795379626524
1.3984510815067657
1.420897589367666
1.3759081720546553
1.4200227754131245
1.3978099185190382
1.4045616236461955
1.3746248536808476
1.3710110233088209
1.4037176112460483
1.4015267381242886
1.3963943241508143
1.387173642778093
1.3995889113966826
1.402006384673392
1.3731443061950102
1.3805376739258979
1.3981213243144333
1.374256246408839
1.3892467287695331
1.365549720776309
1.3921476572182527
1.376986865784712
1.3848575087869244
1.3795879441461745
1.358029635848513
1.363514372497607
1.3708767420167376
1.3639275602474334
1.3342578612315428
1.3650117808846152
1.3525784653463182
1.3764434050602519
1.3449619446590448
1.3727542040454355
1.3318350626404878
1.3502072566633772
1.3307890216256404
1.3916085761064176
1.338536117486893
1.3581926526537367
1.355904806951049
1.342389280629006
1.3491176541443843
1.3250466486450974
1.3487559093791208
1.319535591799742
1.3227937198748254
1.3237334436671748
1.3347447184240742
1.3669216245602651
1.334180258641577
