2.340979392361489
2.5967455229182153
1.8329808522181905
1.788830856608737
1.6110164686373085
1.6028024542863202
1.5231529231284076
1.517878832331129
1.3958783172498084
1.2626316661288024
1.2253388234764149
1.1493000931041255
1.3415430313462664
1.094941246661411
1.143324199375833
0.9544040648041258
1.0429192314482039
0.9104743728971785
1.050022961987052
0.8554124293053985
0.9731286270603253
0.8119056853139477
0.8723082975217491
0.7919653676877356
0.8154262401116122
0.7696008446869577
0.8529720154537517
0.8382465051617592
0.8827818749816554
0.8010535807746231
0.7913450849284033
0.7242800234609349
0.705054203985603
0.686190228932982
0.6926159139271755
0.6924383499819762
0.6898704231924312
0.6331680988430217
0.6156950315852074
0.6158501376771623
0.6043065150452268
0.6114585513521911
0.5860464992416892
0.5960316293558497
0.5952236939008069
0.6272793831718955
0.5902215094323371
0.6172696790497774
0.5747217763761047
0.6287505097070317
0.5739887118529362
0.6214314852930178
0.5553805651558432
0.5878727955233519
0.5633036822650084
0.6172118610257555
0.5761465938987246
0.627672848997602
0.5833536532654124
0.657881895637816
0.5960236869420216
0.6085690941400589
0.5418726684181554
0.5269227837491187
0.5031291448576435
0.5147607720391766
0.5089001758083417
0.5131027429916297
0.497185554948582
0.5073728795833649
0.5294212233868374
0.5052783371536596
0.5151025496280877
0.504267620717644
0.487633013326651
0.5031666741439491
0.49290672276809716
0.49311879438579465
0.48352839868919106
0.4747954402000282
0.4877110870590635
0.47705574627894504
0.4918343000541067
0.4941975818887638
0.46977405506334485
0.4729692272509739
0.47020043053065136
0.45919546019879115
0.46311743158823365
0.4600304431596379
0.4710082558879427
0.45609366276841257
0.47510153197558824
0.46239241255316765
0.48205909607516734
0.4598048464128166
0.4833512785518245
0.46332277025386787
0.48205312982106663
0.47082027451247926
