2.3388139472645557
2.642764358763482
1.8787401967747197
1.742369926659165
1.6307813005082925
1.4901292969466775
1.4361030539129949
1.3097720404339444
1.249752549988449
1.1606481918104135
1.1130077314984268
1.0336799670936196
1.0088971443237014
0.9438009273474384
0.9549301631131749
0.8755864538964192
0.9341696607079476
0.8322045814459491
0.9088648014767154
0.800834680438801
0.9029934356926353
0.7978825151540672
0.9085327580476262
0.8037931862150788
0.9295221271028944
0.7852288864220783
0.9163810250106131
0.7876396114659158
0.9081920700468076
0.787474703826722
0.8842083253678242
0.7545937265560125
0.8420315730343958
0.7525421409470261
0.8414786716175687
0.7433724048411011
0.8012449116843521
0.7170001530343559
0.7456782439332099
0.716065616174868
0.7392962798950778
0.7099985556238017
0.7219120535501249
0.6765935029953148
0.7032290418056926
0.7067424476526345
0.7085639494619552
0.7123036811685866
0.6858612264797186
0.7155241905503972
0.67341190405712
0.6977386653043662
0.6776662246816477
0.6938206879955948
0.6528188952594806
0.7011419327775384
0.6686795513341381
0.6934669680276494
0.679729653012221
0.7054049518837291
0.6704688301891278
0.7016716242595843
0.67736757864618
0.710228042617725
0.6837787567430241
0.6812400527440818
0.6799052572174437
0.6861766404027392
0.6731802917969455
0.6979696296962203
0.7074385283479265
0.7013831468904095
0.6981471266336502
0.683053059562756
0.6906610788053767
0.722393371686814
0.6829620375754727
0.7316900856176
0.6479194221223236
0.783460095429876
0.6763697826558617
0.7775156306233376
0.6829632444746175
0.7980689036238725
0.6964438390579952
0.8033845119035927
0.6802968954204753
0.743807178583874
0.7032991342104165
0.737687231059287
0.7217798819587489
0.7699238724389653
0.7354015362490515
0.7535293736275593
0.7309630433465265
0.762814270083312
0.7504496059979603
0.7483688966863474
0.7565345094082462
0.7162673818837305
