2.3047073160766796
2.3022364886703004
2.3047373978195678
2.300401300381703
2.304934484943463
2.3053695867016057
2.3048093045593068
2.306266014743003
2.299379719290764
2.308281725379312
2.2835405115868634
2.252679493776552
2.268695365091798
2.2255392560533656
2.1647309482477275
2.0977264209917394
2.097562274355797
2.028922811435286
1.9610204840921293
1.9479459296366213
1.91245129837352
1.8355974019712704
1.8197287381834286
1.7931582092479537
1.7667447328567505
1.7464285785225546
1.746346214015013
1.7201793011586377
1.7081380156195087
1.69690264562133
1.6870453691786262
1.6685223829974034
1.6526308644349408
1.643132317597699
1.6433936084152028
1.6366016758475335
1.6258831191214786
1.6104360196241148
1.6095997376047122
1.5922105889411489
1.577852984142911
1.5816679403280756
1.5576628173232838
1.5518907475623356
1.540063471551154
1.5281858785896545
1.5167759216515122
1.508854824266616
1.5037609331167427
1.5028892451790488
1.4887350205403225
1.4885653667389207
1.4841452297891022
1.4702012318714408
1.4548817212414589
1.4524621409215746
1.4466686104513278
1.439942300699319
1.4421795477533037
1.4231947341542335
1.4093724071599876
1.4044487681358484
1.4150023612247151
1.407960066370144
1.397475234262503
1.384496911316161
1.3830375891582223
1.3763710450214945
1.3713986577501722
1.3694892445946956
1.3727034542970598
1.3676470882573706
1.362997935835723
1.3619913212053336
1.3530375684142872
1.3460486929887419
1.3481879272278707
1.3496787183603662
1.3484333267637119
1.334381839272323
1.3285276335515794
1.3252158081455596
1.3196849018145518
1.317081477991335
1.3172077259440331
1.3097875186592152
1.3138600056338463
1.3173404142355463
1.3173906423483686
1.317655089174866
1.3145687671224022
1.3087486738611938
1.2993381460001514
1.301150329933045
1.3030389148718233
1.2990520991337526
1.306378733200632
1.2989086523936813
1.3003860586767744
1.2954908093069768
