2.345342619403912
2.112922398148069
1.9776000209674713
1.8160060325245948
1.7910210607917445
1.6715249703947905
1.5311107582347407
1.6591522526589169
1.529786106887137
1.4239910582827915
1.3728434090401715
1.4378814142980394
1.5316596152676138
1.3502068489220491
1.2551124707149093
1.338127126359636
1.1561051352768188
1.1702186715830663
1.0909355954759439
1.1738160620829103
1.01292505006122
0.9517802197462434
1.0025581819995952
0.9315110691793406
0.9432613728152719
0.9518849735806703
0.9432572202318034
0.9854900540819593
0.9960810238388693
0.8389314439645998
0.7993548053085424
0.9564990283577306
0.8794716649754032
1.0902277143897525
0.8565794969819913
0.8037320094503415
0.7657338661752688
0.8453215356845005
0.7548183447616116
0.8869837207399356
0.7589378225955234
0.9124842213976915
0.7699771267213639
0.8628607654267815
0.7398899979652114
0.9905926520657388
0.7129591475626466
0.8699493635991576
0.827373199402147
0.760395640780212
0.7732631230050591
0.8170606659096518
0.7858807550873727
0.8302827485048088
0.8335999280783781
0.8951095278096047
0.7428598219801665
0.7949617372196951
0.7558798118002096
0.7196899479741503
0.7832860511958979
0.6541754159198445
0.7243983982854588
0.6896360229914356
0.780166457792756
0.7075270845252237
0.7936953372636418
0.7032492128527088
0.7793287312149242
0.86370368330342
0.7215146745086476
0.709225379357672
0.7252424566229437
0.7589490812295562
0.7781239396827236
0.7874618611138338
0.7536249787184843
0.7082391229404765
0.8055220409563393
0.6994292417149635
0.7323633779765694
0.8254275437752912
0.6816356747773042
0.7768682100970274
0.7436096525875626
0.7267870523367718
0.7281452516081987
0.8542155596860654
0.680769561012839
0.9297071205582589
0.7837276950383641
0.6835619841411615
0.7454576097476254
0.7953049238700016
0.7556464096922784
0.7250816465183428
0.7309846828697594
0.654417115222117
0.7172435964368711
0.8944554541521011
