2.4154724846979616
2.194698690608808
1.9342843969916081
1.748035988989909
1.7752625835928948
1.5999104756458549
1.5739785804870023
1.4641117654788267
1.4394672258644348
1.3383786215144358
1.2914816463828847
1.2097965053691986
1.18273242985367
1.203505282948731
1.0904119948672641
1.0811890356100289
1.0774257615873009
1.013599529767492
1.040687278957124
0.9712170305525422
0.9712452489858979
0.9514806786919855
0.9484202869378837
0.9564317673634571
0.9286243467573907
0.9081645030884227
0.9486659465322069
0.9278431929600467
0.9368713813222898
0.8564304158945751
0.8350246119651066
0.8760101328230208
0.7915833322865189
0.812966246513804
0.790007247286997
0.8094303653498364
0.7640924108256201
0.7737210244889472
0.7774296607940819
0.7467155112962055
0.8493909524504546
0.726798323688993
0.8341098615697994
0.7259851479606264
0.9012730038090117
0.7336308762526057
0.8076145988740738
0.7462445072307708
0.7650495936536486
0.7326224212813529
0.7735039436133804
0.6916068904339128
0.7987338236183118
0.6999023657315856
0.7124564772958208
0.7586923072672194
0.7418545769278411
0.7064156370937444
0.7246972996338158
0.7003922270741433
0.7473107659892672
0.6694219237679888
0.7511237039687527
0.674703782910754
0.7856881195192884
0.6815239445419069
0.7964153853571339
0.6799660655343609
0.821170336881261
0.7626096636626372
0.7084230522441256
0.8359255044703271
0.7426487784476796
0.8645974526739424
0.6989837114218693
0.7857942801372261
0.7465126311323446
0.7392526398039168
0.7605882148454144
0.8642564989199304
0.7955669128591087
0.7412065161261588
0.7685605040781057
0.8580815843336141
0.8044109141371053
0.733245428770211
0.7986569600120471
0.8107393215036696
0.7086899810156245
0.8896704934964514
0.8779890603700261
0.8991740372530215
0.8235886516464743
0.8638096630193626
0.7992426806194767
1.0205300890716018
0.7946955145923955
0.870813028447947
0.9000304424838655
0.9369516589079693
