2.3055032074071797
2.294391800643532
2.3076083417151385
2.296945126952639
2.33214142216239
2.277629364827636
2.3562307555204742
2.315397815339884
2.0986621554490106
2.1528616133768845
2.088634707365826
2.052423634346883
1.9592352300692515
1.9172456332832386
1.8419549131089714
1.7886489424735876
1.7355090523980985
1.6776773458833147
1.6222173104620283
1.5919546321698814
1.5738149304298839
1.5287987320286454
1.4867248056800502
1.4693294011863174
1.4434042280646646
1.4128165298206792
1.413229382721482
1.378623496954608
1.354475338747547
1.3416210488908609
1.3245771774061166
1.3106366456693905
1.2926502425199862
1.2846490645864208
1.2707833712268028
1.2522224563701896
1.2405659377954568
1.2284399479817434
1.2223808742632531
1.212034304050883
1.1936366144259265
1.1841017854441502
1.1774954564252478
1.1637519309475164
1.16260065394602
1.1539691584125447
1.1407356683615666
1.1308291444353238
1.1218187793804582
1.120990303671284
1.1026813467596746
1.0910340418481523
1.0927540990197735
1.0850146754532104
1.0749347859127507
1.0795687319366796
1.0724386705714426
1.0640071956974686
1.052850090394354
1.045949200156388
1.0405890945416347
1.0317578008220454
1.029600658993812
1.0236647151837683
1.017326170471823
1.012911106750464
1.005117941054569
1.0067596587405843
0.997692315821435
0.9905652449389172
0.9904006924598839
0.9861788502924002
0.9836357015713005
0.978002414581882
0.9783913869007378
0.9720250702208015
0.9683438387646037
0.9700304881022994
0.961396149009656
0.9528053907831763
0.9549887928233785
0.954964355298668
0.9574339477119932
0.9495462862549314
0.9408743609288696
0.9428976542630773
0.9365241341530137
0.9295024196053766
0.9293412190334053
0.9341825136713161
0.9225610468038328
0.9318760948575986
0.9211419258907343
0.9323270275334644
0.917983233549033
0.9218205988027488
0.9144433710225828
0.9162613616627493
0.9119153170828607
0.9088047537834022
