2.3301941498070007
2.5043178804361137
2.5083643053747284
2.315297242182835
1.9141631483272383
1.6990607392256427
1.599817279038156
1.5570142565259508
1.4810548618340948
1.384833985832846
1.322364789665125
1.213979601480399
1.1870708902170704
1.136812747663753
1.0620445130736964
1.0380572665269208
1.0295730730530563
0.9842100667346055
0.9851040699679381
0.9860128543938801
0.970652819059457
0.987700743660046
1.0078146677867623
0.9621686314701274
1.0078277576501202
0.9950137874882692
1.0424618895646114
1.0244645051136139
1.0036286730675181
1.0500791991592213
1.0948258346053445
1.0653262590147128
1.1441254148817366
1.1345796695180759
1.1363031385810511
1.172162108360582
1.2111203621147544
1.2568127729330854
1.2496997660892024
1.2279129886323479
1.2540149130638998
1.2680375317859043
1.3138595128514965
1.3253275547057959
1.4600934128093113
1.4280104800394386
1.42703351283529
1.3668249279830107
1.4007429366658448
1.43045230086442
1.5003699132591297
1.5777661314435825
1.5334597848782874
1.6662527250636154
1.550973106341757
1.7107321787032352
1.6266283051223511
1.6590148256083204
1.7775134387289642
1.779086417073657
1.8478218556209733
1.8538107553105445
1.7866393282155322
1.8717150870402148
1.984947095251387
1.9193669390526547
1.8857597826392787
1.9803502574847762
1.9208271055464532
2.07601600923356
2.1443878776708227
2.081810619421066
2.129697127706686
2.0053190501632203
2.019006526394255
2.1283655508308654
2.2268262888975205
2.268879493330694
2.1441106059748654
2.25681401665803
2.288084348295904
2.346560783446974
2.204028090094305
2.271674282991203
2.30869485694132
2.3319682831976825
2.3328210024317357
2.3702463663307722
2.388016610388543
2.3505743688838496
2.3235758823953616
2.525162275429744
2.4601287667159064
2.372981080583706
2.4405702155107147
2.4002405237999693
2.723201442675985
2.6370727522358015
2.552037772099683
2.6146772295046765
