2.4435976781662863
2.0776499669263315
1.926352358168098
1.726834881837201
1.6813065922184356
1.5556403201097135
1.5046527188295011
1.3690119488224102
1.353125566130231
1.2761082034202138
1.275161815297072
1.2148094716345428
1.1902020118039125
1.1074047248074963
1.0969709366749807
1.0494078796380644
1.0392176011565384
0.9783422639415522
0.9841058808527176
0.9589291438934909
0.9303368011097999
0.9277387295558954
0.9032011715469846
0.9134455194139177
0.8737739689031224
0.860092422764772
0.8395441561747509
0.8347941785101678
0.7995228431407054
0.8061799741095039
0.776833409906193
0.7859061601435303
0.7469184709962007
0.7532308897015395
0.7272970057596826
0.7385515223263176
0.7038491478391514
0.7140046938969071
0.6778927031595996
0.7083878794293494
0.6606849206101363
0.6852076600311668
0.6443800728791839
0.6665375428214954
0.6265432661885668
0.6405163543998815
0.6161025363928193
0.6243517575370279
0.6013804074305638
0.6118055018270092
0.5914089307663547
0.5985553809411966
0.5855474024061944
0.6006199201201178
0.5758600388742556
0.5881501618464282
0.5659793471075167
0.5756493468952787
0.5564275558587093
0.5611728232377654
0.5459166213775136
0.5560337155108239
0.5408187225745742
0.5491958740790179
0.5356425783436769
0.5390897826024681
0.5222878903150558
0.5288507714393033
0.5193434654717233
0.5191916295677234
0.514862874700765
0.5150015512659292
0.5072281029383847
0.503128080136457
0.5002208905425042
0.506296813867654
0.4966498277369578
0.4998025153852572
0.49487493258372994
0.4932824251758065
0.489658915408098
0.4917632369858444
0.4858273733763178
0.48926864915592655
0.4793444929798697
0.4754350715951555
0.474372305308178
0.47701915804367917
0.47452715485338953
0.4707397910629868
0.476063556162415
0.4733312701343731
0.46876021915939964
0.46494821302450384
0.4725664452572537
0.4628727411388592
0.4720778314361147
0.4594111502360386
0.4643468475265867
0.45649512320946734
