2.4395241676622135
2.0528600496850955
1.91253601213929
1.7119356644381383
1.6636461566208274
1.5287392686127097
1.4737630702887372
1.365643019888811
1.3388004545952863
1.2586334996922002
1.2640008387292267
1.1773585054525144
1.1816685814766368
1.11022081382715
1.0831450679499632
1.0436426173349855
1.02858184363432
0.9938618290196558
0.9712516957787192
0.9743212362763228
0.9385452570429273
0.9456390742283718
0.9193266816199965
0.9228292525194253
0.8741355170110229
0.8714898236238273
0.8338440671847884
0.8495523523373208
0.794195046090776
0.8142279496618138
0.7712504222134876
0.7840129324964656
0.7387138920225156
0.7600571444839429
0.7182458593587208
0.7431449461135136
0.6906752018791855
0.7133491468277706
0.66851262112332
0.7020494666448824
0.656106403299198
0.6813072824174431
0.6376461986523525
0.6552794955338642
0.6226813049073432
0.6412332971004924
0.6083703703561406
0.6169543040406172
0.5994192113162605
0.6083231260822077
0.5882321000099182
0.5985600027688749
0.5772096609613698
0.5959658516440421
0.5645158867927114
0.5884135202237755
0.557014384467131
0.5733556460802722
0.5462039152907717
0.5607840413120901
0.5403731226161786
0.5542626405597493
0.5323051275910845
0.5544348796651621
0.5317996466045927
0.5387421957436641
0.5188144576397671
0.5320615490340883
0.5086367181531942
0.5234430264325658
0.506520079579323
0.5233018065144301
0.5002274429722197
0.5075917561912233
0.4976409198182404
0.5028292985668608
0.4948875174211089
0.501102144740949
0.5023494605805464
0.4965339021128454
0.4870604126696374
0.49078802754924555
0.48669729044862614
0.4849181476102513
0.47674529539172056
0.47659007189380137
0.47724276040769686
0.4701215258449506
0.4731895225063251
0.4722052017214951
0.46996213201504605
0.4715621371747582
0.46881323995863555
0.4613667450323226
0.4731665102729372
0.45693167170901205
0.4711628092132556
0.4550751693499316
0.46504550204155554
0.45483403695616753
