2.3372372973496747
2.626084093834944
1.9342164142875915
1.7383372988670496
1.5930384541772733
1.4613851589761722
1.4042131384466863
1.2641672249052935
1.2378135532330556
1.13776078535493
1.0970921668277425
1.0460589193994072
1.0103020425055438
0.950156644651085
0.9541408575264512
0.8835785571177295
0.8864966334810682
0.8451395938350896
0.8609495705859677
0.8057475758206313
0.8195487691718302
0.7743446456778581
0.8077150543404233
0.7412447086565054
0.7856694309954431
0.7271172704210707
0.7651357559641455
0.7155945050488611
0.7453309225428636
0.7093200370384629
0.7441711699127391
0.6853693545244302
0.731769063290517
0.6765613417336895
0.7282718188443761
0.6612537658897935
0.7016191269941391
0.6361694056896647
0.7055653115366675
0.6356288722366285
0.6789964388130577
0.6058346031198076
0.6382407096161204
0.58571525819742
0.6382738380295456
0.5828967130487892
0.6146491779263612
0.5588468192679108
0.6061477095458159
0.5456587786127807
0.5709626807528696
0.5331730485721758
0.5579734473091782
0.5195607867590182
0.5413357448426022
0.5135321720580387
0.5421285246777686
0.5060073226500469
0.5235220624762735
0.4977630961472821
0.5163069913151918
0.4866123215597906
0.5074550521791361
0.48650787960571845
0.49981865229879974
0.4793658937997879
0.49240508343383765
0.4763021640906668
0.48355094177328095
0.46914681725820917
0.4709046224879611
0.4682078594994393
0.474085085141431
0.46627412062541695
0.4667974298547028
0.4600329420938613
0.4636306626022242
0.4565936741745396
0.45696619931299975
0.4523907807792068
0.4562556282350212
0.449452055582575
0.4506281100830455
0.4531074541199739
0.45057352646520943
0.44148368668404353
0.4491758276322845
0.4387825764478392
0.4458874271363969
0.43821381620920385
0.44686665836792844
0.4397856614012627
0.4486818721719608
0.4373343737831541
0.44803274750329886
0.43817845414018936
0.44405403742744665
0.43167254594480914
0.4457827716306516
0.42863362847240105
