2.333803743313832
2.669933454246278
1.8504661830367557
1.7648914718324211
1.6767222471297927
1.6097864390938146
1.5224699389403034
1.4892988235327849
1.4125365611094578
1.2785163730572744
1.2279508816208808
1.15263460358237
1.303359907903489
1.0604397244514174
1.1275486961291854
0.9555313628949936
1.0713301574348644
0.9031587858108958
1.1110541934420348
0.8584176533541102
0.9719372570135032
0.8090309477915429
0.8961352656601341
0.7794855683092858
0.8152776273192873
0.7457858800508415
0.7879212411345949
0.7218976949050928
0.79586749851324
0.719957221845153
0.7282141302801242
0.6837759663344948
0.6968997365729824
0.659818299826543
0.6733260276211295
0.6618838733548571
0.6823167702194991
0.6344139706936611
0.6479954990991361
0.6134940351650213
0.629071841574019
0.5913996119408091
0.6125440582348283
0.5731027617006544
0.5810162073867337
0.5674988873255481
0.5812174678797934
0.5604732202686322
0.5791188804966629
0.5519555416076806
0.5583746108659513
0.5427856820214326
0.5624046059930401
0.548766403820864
0.5475123068139811
0.5216119651961478
0.5418017704965202
0.5286607708141302
0.5374291680610863
0.5265049816696508
0.5114279986376975
0.5112475414944303
0.5184910557452281
0.5119077694264187
0.5314094573259354
0.5058004727029497
0.5073599007668769
0.5062222663953806
0.5099144167011711
0.4940134667477031
0.5165070775587848
0.5023762497362817
0.5259476432185264
0.4897225613047363
0.5088306400616458
0.5097368737314917
0.5193530320172097
0.5138853677328984
0.5069905233800791
0.4721570033935984
0.4991311169923491
0.4694131519764092
0.4797412343085951
0.4789801666121574
0.4665066742213668
0.46538623958636244
0.4812102625324468
0.461372165258523
0.4854428751073825
0.4643209728465718
0.48558484672740765
0.4421007889471236
0.4702516107992002
0.4482869183181957
0.4948745741016546
0.45053047776981525
0.49600496328180765
0.44221127830493223
0.47564863171547084
0.43601713761402544
