2.3033816176614943
2.3032505572981137
2.3055286073380974
2.2882455913883866
2.3409853148612245
2.2859539864169562
2.4193826359548387
2.320034286778444
2.3958249031358463
2.095103270688634
2.0203977785292704
1.9622967630434947
1.9507833066259979
1.8981173964822369
1.8640585682194704
1.8900272853814872
1.8205768515349954
1.8156135036687182
1.8104297439004207
1.7993709274158356
1.7709511579221981
1.7427629794284796
1.7030632640146146
1.7119971005020627
1.6910339609073226
1.6615658315124027
1.6576422604785603
1.6768869814599396
1.6571619336012822
1.651919727112837
1.6288116494561458
1.6070913501605866
1.6133593814388203
1.583564337651441
1.5831598795143662
1.5942970271323138
1.588673791308312
1.552698737496783
1.5388516468606936
1.5582955642870278
1.5204677543822367
1.5323970150795712
1.5430901323913768
1.524126719517313
1.521410730234377
1.515580785502294
1.5031740080778766
1.508743025694683
1.5015408005684046
1.5102764398429045
1.4695382558616104
1.476060666855733
1.468407303664335
1.457737576430011
1.4673186396337619
1.4738688696721556
1.4464106400301502
1.4607405298075098
1.4387043350061792
1.4508806254453719
1.4675131990651415
1.432235996434643
1.4258535295535044
1.4204577693514004
1.4378048925642755
1.4406188088617506
1.4075939966614839
1.4362728861486835
1.4388299747637123
1.399013868562735
1.4173028833547217
1.4174208694202886
1.4325400606082503
1.4140718332521476
1.4158359841935952
1.4084647863533846
1.3969661232772146
1.4012576174584164
1.3960530279548304
1.3961882781071269
1.402887670097837
1.3932142151389153
1.4011094782762468
1.372604578163973
1.3736638886154078
1.3669629408295747
1.3860436602003257
1.3816802585200898
1.3744570677447472
1.3522201093139163
1.3703456380564696
1.3587590258592253
1.361167414932494
1.3540959707490958
1.3700322634095599
1.3607605839990506
1.3501472632596447
1.346304005877987
1.356948081854802
1.343796074010764
