2.2816290259361267
nan
nan
1.4746606349945068
1.6487554460763931
1.3928641080856323
1.3689297288656235
1.3775332570075989
1.257845975458622
1.3056939840316772
1.1245671957731247
1.2825192511081696
1.1736929267644882
1.169558547437191
1.3133288025856018
1.141959547996521
1.3132652938365936
1.3247640207409859
1.0523142591118813
1.3023275285959244
1.120058000087738
1.2508388012647629
1.377705067396164
1.3812139183282852
1.2191164940595627
1.7682775408029556
1.451687678694725
1.2708798795938492
1.5774927586317062
1.2468669340014458
1.5005819872021675
1.5000300854444504
1.4584361761808395
1.7151271551847458
1.8435973525047302
1.397299438714981
1.7771782130002975
1.8118163794279099
1.4768435657024384
1.834784984588623
1.9837680757045746
2.145339757204056
1.8184502571821213
1.8402605801820755
1.9358160346746445
2.1014195531606674
2.164079889655113
1.8508861660957336
2.758642315864563
2.7094107270240784
2.4826234579086304
2.5777847170829773
2.712796151638031
2.8468234539031982
2.989465653896332
3.2955122590065002
2.8344549238681793
3.0403424501419067
3.0854500234127045
3.1145019829273224
3.578579306602478
3.927158683538437
3.1832776963710785
3.1694951355457306
4.531375527381897
4.64371258020401
5.185329973697662
3.722276121377945
4.09918600320816
5.027737557888031
4.78810852766037
4.5944251120090485
4.358034163713455
4.763596534729004
4.597845584154129
5.766959130764008
5.554624915122986
5.951897740364075
4.307193785905838
5.205486178398132
5.506687730550766
5.5684967041015625
6.679977059364319
6.524225890636444
5.268828988075256
6.8357213139534
6.6462759375572205
6.43938672542572
5.667730450630188
5.752253830432892
6.672451615333557
5.451829880475998
6.648570954799652
7.208051860332489
7.128572642803192
8.55797564983368
8.29306185245514
10.958784103393555
10.073328018188477
9.810317039489746
