2.304545189924301
2.3028331152193107
2.3098786332804684
2.299279442258701
2.2765587606247824
2.3534709450545583
2.170137736448057
2.1337840420425316
2.0491992781876
2.022043124885316
2.050735926172536
1.922129792012986
1.9203549357736187
1.8332497018158056
1.8395159107864283
1.7282445620579325
1.7512856995224193
1.6811382876839607
1.64822671064146
1.6303856236160181
1.5884216188625166
1.563901110819191
1.54507462689831
1.5488902869497894
1.5271490637663823
1.5113871712593516
1.5013638469064312
1.4704070432930236
1.4651899542778162
1.4524240539332105
1.4487650455183285
1.4198930012951991
1.4318510681200938
1.40996157439651
1.4176901670018578
1.4179645321171754
1.3872609707959898
1.38809496885652
1.3685772335453399
1.3662827546429481
1.3670209494366008
1.3798583920594234
1.3581173184570994
1.3511762391230104
1.3594892366676574
1.34240439211487
1.3357195876965857
1.3088116258572622
1.3297949763619976
1.327426875472828
1.341978575014005
1.309802414505345
1.314886601107895
1.296288247321062
1.2934281753886276
1.3078227096302495
1.2973343392086636
1.3058039246091417
1.3020038893268366
1.2986419155339526
1.269401932977567
1.285844977494258
1.2844666941150737
1.31575994810481
1.2701978178540612
1.275223098742734
1.2689824035972546
1.272935423881385
1.279399415110327
1.2732851919095227
1.290939750185438
1.2657267834730208
1.2629581230461218
1.264153192377394
1.251762221952912
1.2847355676304764
1.2539351760961448
1.2567923714400857
1.239292445835794
1.2533614954371362
1.2517643453209264
1.236838964899634
1.2384851517950652
1.231376548481595
1.2369146825401647
1.2369584737309984
1.228968250523707
1.2300883588517548
1.2218031738973727
1.2196648701740678
1.2172354812834674
1.2020146786027652
1.2116509459580584
1.231172896114884
1.2182100221609613
1.2115671577726959
1.211828103490696
1.1984942783216002
1.1995294735689832
1.1945378404514047
