2.305219525744201
2.3154941167041754
2.319642435972858
2.2955874941151615
2.3409043725129144
2.3300884422982575
2.3292630660306117
2.3238318133506044
2.2842215443872345
2.203279432977081
2.114918300300647
1.9281082715198492
1.9284284183174183
1.852133963518082
1.8154472036726157
1.7505394751858558
1.7359514137741867
1.7067671277720458
1.6775420532105074
1.6238306654486687
1.6148982617505796
1.5898579283125083
1.5554300546646118
1.546663802900132
1.5219228373970954
1.4803191704355227
1.491497512076311
1.4759220659353172
1.4702319354768012
1.4334007038432321
1.4366738636782215
1.4179674721067879
1.3930031129509022
1.3985877105384876
1.3672634613741734
1.3961376437715665
1.361526228819683
1.344101802558656
1.3243454611225494
1.3196278863651738
1.3454461727932001
1.303983080159327
1.3034231476723008
1.2934215581341155
1.2673760637356217
1.2767724880746976
1.2990438987495034
1.2985560127124665
1.2607786579496543
1.2598393008967115
1.231695777291705
1.242204744724711
1.2466482186013725
1.2249318596663747
1.216931442546237
1.2075122655576962
1.1943285871463216
1.2087499153841832
1.2001538189353458
1.194994660319796
1.1933780866823378
1.1888649080209672
1.1770952613490402
1.1704276454676488
1.165261065884001
1.152657636031983
1.1560147529954363
1.1839815207347748
1.1573329962742556
1.1580106289523422
1.16813076415639
1.1545931374191478
1.1496502954489107
1.1419654879600378
1.1391337244373978
1.146183078456077
1.1269885104173307
1.119305284159958
1.1278923415833977
1.1295826818533004
1.1238364740541786
1.112338799959535
1.1186840169748682
1.1046452750066282
1.1157534099688196
1.116854244356702
1.0915288439222202
1.0996282863768803
1.1042749980452713
1.1037270802601127
1.0945752927452137
1.095253550702599
1.0821241504827124
1.0850593459074664
1.0703657652921736
1.0659367973637428
1.0822612977331612
1.085072287708331
1.0699444003165908
1.0787589102034356
