2.2615014612674713
1.6039808690547943
1.4727755337953568
1.5396733582019806
1.4804774522781372
1.3062921613454819
1.1859950721263885
1.1435864493250847
1.1777198761701584
1.0426816418766975
1.0731814056634903
1.0799375548958778
0.9665246456861496
0.8840544372797012
0.9566978886723518
1.007962979376316
0.9810947477817535
1.0031923279166222
0.922042727470398
1.040570855140686
0.8662701919674873
0.9226801469922066
0.9533751159906387
0.939160980284214
0.9431444555521011
0.8778346106410027
0.8926446363329887
0.873601570725441
0.8546357601881027
0.908214770257473
0.8821743354201317
0.807995617389679
0.8138107024133205
0.8754640817642212
0.7800561524927616
0.8151844069361687
0.7885917723178864
0.7783533036708832
0.7927970476448536
0.8347964063286781
0.8154241293668747
0.7684552483260632
0.7951587177813053
0.7816837430000305
0.7450970001518726
0.7384404540061951
0.7275476269423962
0.7345139756798744
0.7435675337910652
0.8217610195279121
0.8068245351314545
0.741599228233099
0.7282708697021008
0.7828937955200672
0.7605222724378109
0.7573849149048328
0.7955108135938644
0.7862320020794868
0.6809921786189079
0.7004787996411324
0.7136252336204052
0.7368547804653645
0.7539803236722946
0.7178326696157455
0.7383488789200783
0.7677824199199677
0.7606506496667862
0.7483808398246765
0.7100405395030975
0.7269106134772301
0.6634617559611797
0.7615392804145813
0.6746213845908642
0.6721132583916187
0.756630651652813
0.6370138712227345
0.6922182962298393
0.645734865218401
0.6651482693850994
0.6188868768513203
0.6115769259631634
0.6938485503196716
0.6384563148021698
0.6386857442557812
0.6079079434275627
0.6764925830066204
0.7931500971317291
0.7089603915810585
0.6345521546900272
0.6697728186845779
0.6456191465258598
0.697702419012785
0.6278365701436996
0.6473919823765755
0.6354736238718033
0.6436269544064999
0.6196589022874832
0.642863567918539
0.6395234428346157
0.6735111176967621
