2.3047622616883294
2.309338249218692
2.3242495788890087
2.3242231979491605
2.321262939720397
2.3147615429702078
2.334987748200726
2.1478514048703916
2.1359919544997488
2.0409705039042576
1.9914035835083883
1.893699489581357
1.8749877146095226
1.7831811403772633
1.7559751105156673
1.7039677496928318
1.7028791213491161
1.620342314622964
1.6013837802182338
1.561386509306112
1.5581437068380368
1.5267498386893303
1.479326002157418
1.4605977056892054
1.4470832947712795
1.3926537203940617
1.4252930219006386
1.3737188873776964
1.3714252490146903
1.3430969768269048
1.3320215044507555
1.3056034662161664
1.2965348146523639
1.290641683302108
1.2872117089617783
1.2886554697516617
1.246539278394857
1.2520292488632687
1.221171639527485
1.2198971768093716
1.2086129515034378
1.1936538409275614
1.181137154436415
1.1901146944161434
1.1621824848424098
1.1581357732699935
1.163237021986846
1.15428282197114
1.1436572203970259
1.1238724433692397
1.120863554583993
1.1118078767114383
1.116737399890924
1.108980369416012
1.1066357835083251
1.1049939124447525
1.0825903480219994
1.0803066419947678
1.0850754585235742
1.0818347927111729
1.0741989627765243
1.0682997790871152
1.0513511884744
1.0512656512533782
1.049923706586194
1.0452808547931112
1.0436925383130455
1.0612222438405274
1.0374516886510667
1.035200874137271
1.0471226193343
1.0359394800890782
1.0291396307337815
1.0133403334647986
1.0135575460780197
0.9989854962962448
1.0016912768600852
0.9961345613382424
0.9920748252018242
0.9939170840439523
0.9908064098874475
0.9879621464735383
0.9984639359127944
0.9838372430983623
0.9822752422587887
0.9701324849371697
0.9911838602867855
0.9705313660536602
0.9699791540765459
0.9676180823593382
0.9639737613641532
0.9708410076274994
0.9512708547768319
0.9503643736717807
0.9507953759970939
0.9517867010869797
0.9531494181626922
0.9546616179927899
0.9509185620933581
0.9416010383587734
