2.2929104566574097
2.1209544241428375
2.033112943172455
2.0171777606010437
1.9192013293504715
1.8544563055038452
1.7816805094480515
1.6755449026823044
1.667714774608612
1.6185580641031265
1.6070004105567932
1.5415360629558563
1.5165404677391052
1.4696279615163803
1.4393022507429123
1.4432397782802582
1.398694947361946
1.3421922028064728
1.339913249015808
1.3334311246871948
1.283891811966896
1.3349123448133469
1.2992624193429947
1.2246548980474472
1.264606423676014
1.3035534024238586
1.2121230065822601
1.259132370352745
1.2337380796670914
1.2731502056121826
1.194510281085968
1.1960818246006966
1.2363738715648651
1.2123914659023285
1.2016409263014793
1.2454373985528946
1.225516363978386
1.1694658398628235
1.2594301253557205
1.2510224282741547
1.1680379807949066
1.200874537229538
1.1743136793375015
1.181007631123066
1.2042499631643295
1.2452047020196915
1.21309844404459
1.1793196126818657
1.21553735435009
1.1688652485609055
1.153683327138424
1.1374474465847015
1.2087042182683945
1.356168270111084
1.134488120675087
1.129842460155487
1.2246056646108627
1.1723645478487015
1.1855653822422028
1.2218965590000153
1.2158456966280937
1.2828625589609146
1.1782170534133911
1.3129916191101074
1.1892172172665596
1.1969897896051407
1.1482626348733902
1.1302248537540436
1.2387340068817139
1.1232361271977425
1.291265293955803
1.2148354724049568
1.075572893023491
1.2760120704770088
1.212277241051197
1.2720671072602272
1.1239501312375069
1.2634725719690323
1.265786960721016
1.2567251399159431
1.272348776459694
1.1876221373677254
1.2761749774217606
1.2295231521129608
1.281033143401146
1.1357217654585838
1.2004493474960327
1.2892939150333405
1.3675931245088577
1.3123120814561844
1.2604185864329338
1.2384616062045097
1.3388577997684479
1.3047419786453247
1.2495211139321327
1.2191165760159492
1.2279025316238403
1.1840605437755585
1.2109095081686974
1.183620534837246
