2.398249364962244
2.3410301664072994
2.325887324703727
2.2152363403587585
1.9867879752140896
1.871302351070817
1.8444505276953338
1.7468481322003018
1.7016846381934585
1.6413931216403936
1.5902281004911776
1.5574415451402117
1.5189643832528668
1.4881451995509445
1.4707698176620871
1.4070531593006887
1.4093285973664302
1.3816347638512874
1.3471081765593997
1.344483919963715
1.2898727632631921
1.3124945573746019
1.2641263615553546
1.2924728606157243
1.2331232394382452
1.137143345395471
1.1220513236750462
1.153717249442058
1.1144680650370895
1.0838030853848548
1.0255771837416727
1.0244541172009365
1.0176306423867585
1.0342359922494098
0.9821363740665897
0.9796405275156543
1.0079418697934242
0.9979592565518276
0.97051329749405
0.9590412659250247
1.0196965401339684
0.9835294542039276
1.0559637709787697
0.9218279833246947
0.990815667969406
0.9810359690599381
0.9122446164204057
0.923188652202582
0.9523226037906234
0.9308862583652423
0.8748492613719527
0.9096355278780506
0.8577623074981058
0.8966912486750609
0.8613665692365853
0.8708145413429115
0.8524596683538643
0.8224120842423409
0.8339002948657722
0.8296554627691864
0.8291047154718144
0.8195809122103794
0.8089121694018127
0.8264961242675781
0.8594997696056488
0.7765130550618384
0.8088814540273824
0.795811868776941
0.777943395884933
0.808690656522277
0.8077297951005826
0.7709236023532358
0.8219700497426804
0.774797733801945
0.7396585413604785
0.7631868097432859
0.7470512710938788
0.7780528763297258
0.7776301677819271
0.7657173215203984
0.7490221039884409
0.7674618756315511
0.7677954583411004
0.7308336054063906
0.7241878780969389
0.7525028438325141
0.7188128007065718
0.7083912544949039
0.7203540247716721
0.7333748128004135
0.6998703570882226
0.7273654056962129
0.7954856060492764
0.7313110201981416
0.7367078477789641
0.7474642982528468
0.7272681077574469
0.7395459563489173
0.7275050861440646
0.7226219657500079
