2.387910874785891
2.11690293451783
1.8994777673369
1.7546206226774081
1.6660666291121464
1.5710910953533876
1.511224013225288
1.4499146095506705
1.4004935193213688
1.3131339534832414
1.282608123341943
1.2644113780586583
1.28391863737896
1.18133577723412
1.1707597249632429
1.0697411238008243
1.0647442716701774
1.0719893844264328
1.0888807128189475
1.0123638233561425
1.0115382056327382
0.9433954316339676
0.9849276455344668
0.9046005511739451
0.938650224618851
0.8616180913463519
0.8832748365250362
0.8878036988009314
0.8914575500852743
0.8321781811440826
0.826973997863235
0.7861774578975265
0.7828820070643334
0.7679665361999706
0.7358937453312479
0.7458927517483949
0.7439504503064854
0.7040013353915731
0.6884673655412759
0.6843228744473427
0.6643662401445353
0.6820407481330215
0.6597963326675876
0.6609397027522895
0.6550915478521092
0.6716278235244143
0.6313210141127277
0.6583604488023527
0.6224297491987799
0.6605348315588229
0.6023393662492181
0.6308101377669414
0.5856788617790125
0.6029348244332964
0.5824815989679591
0.6363201188813349
0.5870894034197376
0.6495492910123934
0.5808693776085119
0.6401767294118359
0.5753246796358923
0.5933382273859279
0.5549271419929092
0.5587408848249229
0.5588256855299518
0.541070126993641
0.5377570846278197
0.535282232768976
0.538049276846989
0.5317089961972207
0.5293357647528314
0.5332113291807236
0.5192033954107078
0.5374205716096672
0.5117176788248075
0.5353301135218067
0.5113336407834557
0.5154217480664041
0.5052982430169537
0.5073660050228144
0.5038442382007647
0.5030959671849657
0.5057721318333013
0.5093317506419626
0.492285191917875
0.48955105529848936
0.4893172720245495
0.5005731363395217
0.511588138000221
0.5262441318126241
0.5334666528899199
0.5079290456832595
0.5307181767976967
0.5077099577067005
0.517139228476081
0.4986986410655793
0.5108016195950235
0.4888190908986292
0.4993350802902963
0.4897619394739722
