2.309978113052951
2.309194081907819
2.327202986759745
2.3127226844714706
2.3341300791236246
2.343031401846819
2.303188621618186
2.3936748109805355
2.2222799890360254
2.179850813689505
2.2572328968412556
2.1211412643930716
2.0469825989121846
2.008046914817421
1.8624235664962963
1.9613998156444283
1.8102440484769784
1.8282274159656209
1.8186219186539863
1.800553148719156
1.7400994756419188
1.7147492580353074
1.731328404633103
1.6707655161049715
1.6663135510341378
1.6464047841965013
1.6022798043147775
1.6366373778908117
1.6413717330641049
1.5931751006727766
1.5335000373755292
1.5340988408228395
1.539053721792379
1.5273010047378055
1.52363088708015
1.49980961061587
1.4764868210835063
1.4742468982745127
1.450734505987471
1.4540784047667388
1.4342756005609112
1.4594522023656566
1.4307227764919306
1.4430573252355976
1.4329598375186798
1.4326917624017994
1.3884655419428638
1.3893767124528338
1.413186090767004
1.3904557706444127
1.4097987405813424
1.3733974680019791
1.3782044641531197
1.369482834627674
1.3705735267347592
1.3771537481599552
1.3745569598143268
1.3678993381512392
1.353061646412892
1.3342455671091749
1.3590925392831208
1.3505048562007345
1.3427934790872464
1.3610379619962851
1.330270847697167
1.327939885437109
1.3050206003675036
1.334301958418196
1.3267297205651642
1.3085914151683735
1.317761422722203
1.329114734746848
1.319636574216709
1.3116818670254604
1.3086866053046695
1.3637850201053985
1.3157139807749705
1.3114396394438046
1.28150150692387
1.2856334557958469
1.280234446950779
1.303641807501483
1.2837287825383958
1.2745878495228518
1.315749482744059
1.2645305831720874
1.311706123458352
1.2759137206776128
1.281727591897272
1.2839137463812615
1.2776907287585508
1.2695757226579507
1.2770193382433266
1.2797598865381472
1.2694862511507266
1.2441891405233152
1.2508615445179545
1.2612120957131598
1.2707540203051961
1.2375693647724808
