2.1232369244098663
1.648288145661354
1.4487400949001312
1.4528933465480804
1.4986640363931656
1.3254854008555412
1.2014470845460892
1.2469234466552734
1.1390336379408836
1.0845311731100082
1.138519048690796
1.072784774005413
1.0206232443451881
0.986775629222393
0.9777524098753929
0.9842832759022713
0.9996794611215591
0.995185948908329
1.006318248808384
0.9955597445368767
1.0195620208978653
0.9862175211310387
0.9742709696292877
0.976880170404911
0.9993774369359016
0.9805085882544518
1.068333700299263
1.0138889625668526
0.9959741458296776
1.0213463231921196
0.9272013828158379
0.968749649822712
0.924089178442955
0.9959075227379799
0.9769163206219673
1.0309922397136688
0.9181519523262978
0.9349979721009731
0.9914799183607101
1.0255361646413803
0.9275591596961021
1.034057192504406
0.9332755133509636
0.9862463772296906
1.0303530469536781
0.9744895249605179
0.9603032916784286
1.069641798734665
1.036513052880764
1.0642023012042046
1.050221525132656
1.0020276680588722
0.9669521898031235
0.9385409131646156
0.9183889999985695
1.0994474217295647
1.1696056351065636
1.0561567768454552
1.0750306248664856
1.084702916443348
1.007841557264328
0.9980093836784363
1.0203955173492432
1.072762869298458
1.0872783288359642
1.1769890487194061
0.992012046277523
0.9568488448858261
1.0799417346715927
0.9589137732982635
1.0717194229364395
0.981213316321373
0.9478518888354301
0.9976259544491768
1.065434716641903
1.0504908859729767
1.142461471259594
1.1216862350702286
1.0017290562391281
1.0186257660388947
1.0252536088228226
1.0673631057143211
1.1747476607561111
1.1614621356129646
1.1232032254338264
1.0597070455551147
1.2667236402630806
1.1154778972268105
1.0775690451264381
1.1467792838811874
1.1223800331354141
1.0788984149694443
1.1442915797233582
1.028987631201744
1.0936903655529022
1.1576979160308838
1.131045140326023
1.0377018675208092
1.0611528530716896
1.090905673801899
