2.2940404415130615
2.127037853002548
2.0430898517370224
2.0023903399705887
1.9145398885011673
1.8438788801431656
1.8044873923063278
1.6810481995344162
1.6751606613397598
1.623563751578331
1.5964256972074509
1.5271791517734528
1.5351123064756393
1.4642296135425568
1.4441363364458084
1.4578214883804321
1.3807576596736908
1.3874462693929672
1.3167917728424072
1.3989009261131287
1.3725304156541824
1.3723389953374863
1.39299975335598
1.2700043320655823
1.3435797840356827
1.374540314078331
1.3911163359880447
1.3358585834503174
1.3524504750967026
1.368712529540062
1.386901170015335
1.3908101171255112
1.420213669538498
1.3684707880020142
1.4125606417655945
1.415980964899063
1.4415005296468735
1.3787895143032074
1.4592072814702988
1.454904243350029
1.4578253477811813
1.4446706771850586
1.4654670506715775
1.3415463864803314
1.5401552319526672
1.5237929224967957
1.4932633191347122
1.5170654207468033
1.5844330936670303
1.5003480315208435
1.3935102671384811
1.514967918395996
1.4816755801439285
1.6380136460065842
1.4923878535628319
1.4884210228919983
1.4997581541538239
1.5206773728132248
1.6207064241170883
1.536209598183632
1.595765694975853
1.6648557931184769
1.613550379872322
1.7631781846284866
1.5533347576856613
1.5463268756866455
1.705549031496048
1.64484404027462
1.8011649996042252
1.5642175301909447
1.7621359676122665
1.608751654624939
1.5656203776597977
1.7939014285802841
1.7102070301771164
1.684010922908783
1.565367043018341
1.668087050318718
1.85535629093647
1.7635182589292526
1.956318974494934
1.7952440828084946
1.798222377896309
1.7642240971326828
1.9396419674158096
1.7201320827007294
1.79750657081604
1.8438913524150848
1.8927857130765915
1.8838500678539276
2.025269478559494
1.7393278628587723
1.8224676698446274
1.8671380877494812
1.8295580744743347
1.8760467022657394
1.8513220995664597
1.8417550325393677
1.835315316915512
1.8711875677108765
