2.401565667170628
2.1210075442198737
1.8971752786332634
1.7518255945983205
1.6943964373533893
1.5693152512714361
1.4947911592046166
1.4644778921345996
1.36130713960927
1.3019432117984553
1.2314835802005355
1.2233983741444387
1.2072738287555185
1.1466026245408756
1.1133156194808378
1.0620127669565238
1.0500031064270408
1.044344303714242
1.043273724568118
0.9807874222469938
1.0010968048101778
0.9155863595616286
0.987349220142243
0.9133305807781827
0.9278370669692945
0.8778382391686652
0.8753605344492918
0.85181391277131
0.8818304743736413
0.8141818980502474
0.8167206356479864
0.7615148761090199
0.7870724510615039
0.7820757187096177
0.7346418460083616
0.734588058511163
0.7366802394390106
0.6914232340967579
0.6870468205707089
0.6839146300865586
0.6553313487274631
0.6700634250215664
0.6435515125086353
0.6443312124461885
0.6347670205839121
0.6486759755262144
0.6137699718308297
0.6480029324057756
0.6016496118086918
0.6259116744919188
0.586594539083493
0.6073007469723939
0.5728021400749304
0.5897049064848833
0.5723649737941232
0.6048249701026139
0.560901586986651
0.6274012084219865
0.5590508866841626
0.6310209330100163
0.561674514773545
0.5732916849813644
0.5450068531901973
0.5471037688908303
0.5288372041693159
0.525681763507758
0.5290276532530025
0.5220459259239731
0.5271555528898907
0.5208453390818493
0.5189682494872695
0.5297127684969811
0.5081110548251754
0.5185606275584288
0.49893892134071155
0.5364199212402295
0.5029376030537733
0.5100978535072059
0.4934265400004235
0.49701653829046116
0.49447096580532707
0.4949344369066749
0.5112153273669018
0.4959282975667601
0.47765729400762325
0.47748383974573416
0.47503396925652863
0.4928556590513059
0.49751823181938976
0.5048835128545761
0.4991551518060599
0.47912523349758923
0.48605528246065616
0.47847029623711945
0.49291959490366044
0.48186684328659324
0.484659880399704
0.47453472787027906
0.47494166282711514
0.46329342967765347
