2.397865432083227
2.338373182685512
2.2253443329197586
2.112531998354918
1.8738267550802534
1.7564391846869403
1.6611035014413724
1.5967932225792272
1.4468555450439453
1.3863289470125915
1.316563648023423
1.280776418698062
1.2323081166880905
1.1647181818439702
1.1635109983432066
1.1285191595933999
1.0863610445314151
1.0830694979922786
1.0458267353902198
1.0375514106386026
1.0206625279347608
0.9833119188904003
0.9856407103265167
0.9986356466439119
0.951630744205159
0.9401948121702595
0.9732256125492654
0.927518744757221
0.9108673155687417
0.8911978040531183
0.8662385595072607
0.8674832574880806
0.867618193292314
0.8599560298737446
0.8339197161091361
0.8210363103325959
0.8195901964880099
0.8239537204147145
0.8077451691126368
0.8402699818656703
0.8168229639150535
0.8373892519884049
0.7944036718386753
0.8044797601593527
0.8145862105925372
0.8088914446390358
0.8169531250835225
0.7878331046575194
0.8174213531670297
0.8135188464905806
0.8226928101603392
0.8336822633530684
0.8143454841367758
0.8171364807399215
0.8302526250007046
0.8592739596868016
0.8341641217280346
0.8539659555550594
0.8777034024524081
0.8718327215522718
0.8645616473665663
0.9145848944688298
0.9093696429471302
0.8917666481938332
0.9188824463042484
0.8716407701088364
0.9234259601231594
0.9033412124700607
0.9305027282921372
0.9874919121432456
0.9906634266968746
0.9802893586219497
0.9095425482388515
1.0061508941042954
0.9226121490548371
1.0322635674932201
0.9783948449192533
1.028555934975861
1.0711621915458873
1.02779151224027
1.1164613157320933
1.0195799428186598
1.0243139487163277
1.081115430707385
1.061307585163481
1.0156847842180046
1.0943930722345971
1.1444737702418284
1.09689228018378
1.238148144096326
1.1941241515669854
1.1180907658710602
1.114988311460823
1.1241480051332218
1.2036040095007343
1.0785987331609057
1.1564843567313663
1.1459798099129064
1.2070437066114632
1.2087587543353913
