2.4399632678669727
2.060810461165799
1.976696383421588
1.761114431034987
1.6319427011878627
1.5470023846170704
1.4841167668628086
1.467689951513983
1.3832161130419203
1.414673399773373
1.3647908124194783
1.2330310166261758
1.25173479432513
1.1862770732800672
1.1755232879310658
1.196019372742647
1.0906653263766295
1.0407535270520836
1.0153288818468713
1.1145555749061002
1.0332480266595343
0.9840976945154226
1.029040450123465
1.004564237822393
0.9568614302926762
0.9437999182445987
0.8990617808263013
0.9660853075373704
0.8766774451656706
0.9096817947497033
0.8498831292626204
0.902148240690778
0.8041675305290586
0.8119699514595566
0.8358088376795411
0.8453412663405109
0.7974773239178262
0.8256109372066085
0.7872344621807147
0.7531031671982662
0.7771669322518027
0.7746955970670008
0.7547739835301782
0.7338053680908908
0.7387670485457037
0.7302983433577666
0.7687253523024784
0.71112881458489
0.6972430308533323
0.7141517193833734
0.6979627975612689
0.7059557170245299
0.6806938135699862
0.7117336836590129
0.6837793007777755
0.7091387233157067
0.6541855790812499
0.6731621175055291
0.69376066478954
0.6895149519109423
0.6641880568045719
0.6598585177758697
0.6456734813322687
0.6476387034176262
0.7548550270545255
0.6509533087918713
0.6804297152598193
0.6653718743354652
0.6519359259089087
0.7394066914251656
0.7161195114919334
0.6805840814189547
0.6865334404501945
0.659921245020666
0.6662726924297916
0.6620936424109587
0.6537145697956632
0.6718899248891576
0.627182359338566
0.6362213577814163
0.688610609929273
0.6371305689310572
0.654305555828058
0.6347533568834803
0.6493073582269584
0.613911060580782
0.6477118857726929
0.6455847976883505
0.6194192004051937
0.6276902023014749
0.6286190761502382
0.6125794349202685
0.639418989514849
0.6305976436965784
0.6395146926497198
0.6590328543049515
0.6959083065105851
0.6677385367405643
0.6473883648586881
0.7186173050646569
