2.3262599501640175
2.7497451442062477
1.9542175045438632
1.7269923163067764
1.6849357466788808
1.5379059542516234
1.45982029407647
1.3166600890979645
1.3651608631109735
1.1900031080671176
1.224469431266663
1.0201839998269537
1.1383258233404463
1.0202184334682052
1.097378769118315
0.9557338531609554
1.1546433142795685
0.907061085959149
1.0890559660401313
0.8639344386993699
0.886824041415172
0.8089611830225416
0.8701342758099744
0.7610823694308093
0.7472854368625932
0.7790140705123828
0.7901965831495394
0.789891320808678
0.8737587731355315
0.8146838849517191
0.8744863837387911
0.7122449502823459
0.7394589301507184
0.6994757921832382
0.7301111228906425
0.6711260982000145
0.7238978635353647
0.6282540719220593
0.693307238969074
0.658161446357229
0.8083485139023726
0.6722674552042773
0.72099731606283
0.6199979810578049
0.7081898367329008
0.6767359768888753
0.6990108283082391
0.6545775236597486
0.7010293971201417
0.615606984515099
0.6642817285410159
0.5787503994574212
0.5837615302224068
0.5377665339571656
0.5961571712592605
0.5426928185543437
0.5620798043384674
0.5564779422845051
0.5573303634004229
0.5103769491242754
0.4988297600844863
0.515611933010399
0.5127554138185112
0.5065301426087215
0.5113808661699295
0.4874647651698179
0.5204311876919618
0.5429240477502726
0.6189787980097874
0.4947379694622793
0.5258040158611954
0.5367838050339632
0.511790718242621
0.49431875746720916
0.5269449400674006
0.4558792948533016
0.5001119247097878
0.46586690159739963
0.46843314816238013
0.48823645492647866
0.5141095916746529
0.4465133189016087
0.4878462441977422
0.46928895839080687
0.46943529415282476
0.44065003201460384
0.4767269620280357
0.4493722672675066
0.4990717559863048
0.43733253296773145
0.4826385482291507
0.4592516890187172
0.5038925862995682
0.4486295464122371
0.500807864081328
0.473822022509423
0.46771086923256044
0.4497441931325159
0.4278854958380863
0.4456357377919422
