2.403087155834125
2.3099886247306873
2.171911336813763
1.9600400993019154
1.8389616012573242
1.7632673348590826
1.6815586363434032
1.5965784203474689
1.531954696223994
1.4046771655416792
1.4143891418056123
1.3074267958379855
1.32557983914758
1.2720568043411158
1.2063153074805144
1.1711327908145395
1.1660590509700168
1.1344660319340456
1.0956307304133275
1.052490423819062
1.0655862537159282
1.040514953576835
1.045721495986744
1.0689321464034403
1.0261121874402284
0.9763193202626174
0.9471066943399465
0.949165656688107
0.9791453363029821
0.9376091896348698
0.9383278815609635
0.9223245583522092
0.9437500750942595
0.8753680602000777
0.904221967906709
0.9068944708556886
0.8799809785025894
0.8607394346006357
0.8671530411121952
0.8204156532409085
0.8389442620004058
0.8087085882189927
0.817575820692026
0.8048226603656817
0.8056030546783641
0.7910726611401625
0.8279948162425096
0.7853623136972926
0.7791495805333375
0.7985674469334305
0.8351732978395595
0.8018059569179632
0.7708856317268056
0.8140619290862113
0.7717611299958199
0.7655348204503394
0.7918939472763402
0.7610694534459691
0.755734361850532
0.8146428828406486
0.7870052054429509
0.7519182765939433
0.7528202977909404
0.7613631150904735
0.8030905237623082
0.7807653637448694
0.7803307616027297
0.7760666470239117
0.8231378571622691
0.8169838425460135
0.7675064464283597
0.8344728922008708
0.7823814130892419
0.8011355975251289
0.8588895721800008
0.7706486643499629
0.8138980115674863
0.792776269138239
0.7987617459266808
0.7989114004715233
0.8183150606550229
0.8185475747676412
0.8549352667893574
0.8271305627503972
0.8322433692634486
0.8799517179370686
0.8060848177618282
0.853601713469074
0.7902830772718806
0.8181848972086694
0.8899111810383523
0.8840798847614579
0.9020225105771593
0.8496611868120303
0.8336343926608942
0.8364298514499786
0.8596424504070524
0.8214753706743763
0.9011937127371502
0.9524616077067746
