0.509568
0.502334
0.5095219999999999
0.5495840000000001
0.558282
0.537406
0.58087
0.559928
0.55998
0.563532
0.5859559999999999
0.5715899999999999
0.5692699999999999
0.614594
0.571708
0.6165799999999999
0.59844
0.614642
0.6380339999999999
0.622618
0.655804
0.656632
0.653964
0.657236
0.66793
0.6815220000000001
0.680464
0.6862900000000001
0.61737
0.6861440000000001
0.6914779999999999
0.69592
0.70076
0.715876
0.7078099999999999
0.709314
0.714708
0.70558
0.731568
0.71918
0.6957139999999999
0.7307840000000001
0.713818
0.71506
0.7098939999999999
0.7224959999999999
0.7275400000000001
0.71039
0.736368
0.732012
0.748208
0.7288359999999999
0.7417640000000001
0.74342
0.723382
0.734738
0.7507019999999999
0.7430840000000001
0.7381260000000001
0.735362
0.742336
0.7261479999999999
0.7165199999999999
0.754826
0.761836
0.74434
0.758324
0.722382
0.755556
0.7382719999999999
0.738048
0.752844
0.752728
0.748614
0.7238760000000001
0.748618
0.7659560000000001
0.753586
0.7574799999999999
0.7569139999999999
0.7464739999999999
0.74437
0.7630020000000001
0.7536299999999999
0.7459499999999999
0.741278
0.74944
0.74936
0.766968
0.769088
0.7415419999999999
0.744718
0.74666
0.747374
0.75695
0.7686580000000001
0.7569520000000001
0.759816
0.761462
0.759704
