0.602502
0.5
0.5
0.5
0.661414
0.6292160000000001
0.650158
0.6757440000000001
0.659538
0.5823619999999999
0.593262
0.5931139999999999
0.687226
0.61239
0.700538
0.6644479999999999
0.6475839999999999
0.689934
0.712704
0.638266
0.6355719999999999
0.647758
0.70972
0.62376
0.6944319999999999
0.613426
0.6474719999999999
0.692684
0.666954
0.6376320000000001
0.665798
0.719236
0.728286
0.6749020000000001
0.726634
0.6660440000000001
0.6991759999999999
0.643964
0.74286
0.6228739999999999
0.708266
0.69994
0.6957880000000001
0.70066
0.6800839999999999
0.6715260000000001
0.6769860000000001
0.6366780000000001
0.6661760000000001
0.675358
0.7214700000000001
0.712946
0.6991259999999999
0.6300680000000001
0.712526
0.7172059999999999
0.720512
0.703656
0.6729440000000001
0.649266
0.639432
0.653726
0.6403300000000001
0.6538160000000002
0.66533
0.690514
0.63845
0.6950120000000001
0.688692
0.667826
0.6846959999999999
0.67735
0.6781079999999999
0.642764
0.687092
0.632436
0.66413
0.674268
0.699186
0.651628
0.67519
0.6364480000000001
0.625018
0.635222
0.59085
0.6354899999999999
0.6870060000000001
0.6426480000000001
0.6851479999999999
0.6473979999999999
0.662452
0.647772
0.6593539999999999
0.650518
0.6440279999999999
0.639426
0.6440060000000001
0.6212
0.6428200000000001
0.672292
