0.547812
0.56069
0.541876
0.500772
0.539586
0.565936
0.559932
0.5857060000000001
0.5847180000000001
0.5752079999999999
0.5858239999999999
0.5906260000000001
0.5768620000000001
0.565136
0.5808819999999999
0.575102
0.608226
0.56682
0.6121139999999999
0.566264
0.6074280000000001
0.559814
0.5770399999999999
0.573608
0.607872
0.57422
0.6174040000000001
0.5831099999999999
0.6111139999999999
0.5959
0.6266660000000001
0.60402
0.6126780000000001
0.639682
0.60147
0.639744
0.627752
0.631404
0.62625
0.626848
0.595058
0.628124
0.6156119999999999
0.5884400000000001
0.590608
0.597164
0.658086
0.633458
0.6364399999999999
0.63701
0.6102780000000001
0.569904
0.6530659999999999
0.640438
0.609932
0.6168040000000001
0.595898
0.622642
0.634116
0.6218400000000001
0.616016
0.640764
0.6267400000000001
0.6350259999999999
0.612548
0.615724
0.572856
0.6180140000000001
0.63756
0.58562
0.62582
0.56007
0.638624
0.640524
0.609272
0.6242359999999999
0.641748
0.633426
0.617952
0.627446
0.6296519999999999
0.6072139999999999
0.630708
0.6366580000000001
0.6381
0.622512
0.581424
0.641126
0.6184160000000001
0.61228
0.599094
0.625992
0.6296419999999999
0.6014539999999999
0.632656
0.610808
0.6255000000000001
0.640738
0.6267619999999999
0.607364
