0.589458
0.5894400000000001
0.57801
0.562826
0.5649599999999999
0.6618900000000001
0.578554
0.5699620000000001
0.65188
0.571972
0.6242459999999999
0.658604
0.6315179999999999
0.6054039999999999
0.597552
0.567446
0.5642799999999999
0.5569799999999999
0.55462
0.639322
0.599896
0.6697740000000001
0.5618239999999999
0.66672
0.560886
0.5223140000000001
0.578238
0.5689259999999999
0.586686
0.580538
0.634182
0.640584
0.585544
0.669048
0.574234
0.58772
0.635848
0.611888
0.6362680000000001
0.611626
0.59813
0.671502
0.580304
0.680072
0.57397
0.552488
0.62374
0.596292
0.63138
0.609632
0.6408680000000001
0.58375
0.603066
0.6632800000000001
0.60143
0.6516860000000001
0.592946
0.602306
0.634146
0.589424
0.63959
0.617132
0.60336
0.60528
0.6101719999999999
0.6292980000000001
0.6029579999999999
0.571934
0.564384
0.632828
0.5871259999999999
0.615996
0.606746
0.628298
0.6702159999999999
0.633884
0.61822
0.6543019999999999
0.601982
0.586256
0.5634999999999999
0.589302
0.629634
0.670496
0.6016239999999999
0.600102
0.686722
0.6608520000000001
0.5762660000000001
0.564908
0.6140540000000001
0.6568200000000001
0.646136
0.6116520000000001
0.599986
0.5902999999999999
0.56067
0.6590360000000001
0.65379
0.610976
