0.639632
0.5642940000000001
0.539254
0.565464
0.611222
0.6427999999999999
0.539048
0.589092
0.545898
0.5821740000000001
0.569044
0.5830620000000001
0.605324
0.568792
0.6137579999999999
0.584978
0.616116
0.5780460000000001
0.656492
0.595828
0.630624
0.5971839999999999
0.599232
0.607064
0.612676
0.6108920000000001
0.642502
0.5867
0.672748
0.589152
0.59354
0.6136759999999999
0.629536
0.595302
0.625844
0.635576
0.651468
0.629184
0.65921
0.597122
0.6403080000000001
0.6335259999999999
0.657786
0.62746
0.621704
0.63478
0.6353880000000001
0.6377879999999999
0.602998
0.61991
0.63525
0.6736500000000001
0.59638
0.6467660000000001
0.63344
0.69865
0.6209040000000001
0.6701199999999999
0.5725359999999999
0.6874539999999999
0.59182
0.677652
0.6177279999999999
0.69081
0.7046020000000001
0.640902
0.611016
0.667108
0.648852
0.7006540000000001
0.629124
0.644192
0.6393580000000001
0.6674
0.66317
0.676944
0.6470300000000001
0.663806
0.625478
0.669898
0.64959
0.65715
0.641952
0.659988
0.644832
0.718128
0.706268
0.686038
0.662162
0.632018
0.719026
0.6410980000000001
0.679054
0.64454
0.6549260000000001
0.635524
0.6619420000000001
0.6339999999999999
0.6828380000000001
0.580514
