0.510694
0.526284
0.5115259999999999
0.5475140000000001
0.562572
0.5495380000000001
0.540554
0.560452
0.570118
0.558036
0.567132
0.558864
0.56129
0.574876
0.564398
0.5866520000000001
0.5874539999999999
0.5822200000000001
0.597902
0.6004099999999999
0.595212
0.61067
0.623174
0.61626
0.6227320000000001
0.640914
0.6474380000000001
0.639262
0.6339739999999999
0.6390899999999999
0.63424
0.652316
0.6515420000000001
0.6637580000000001
0.645438
0.659154
0.66558
0.655364
0.680604
0.658554
0.672176
0.677382
0.68057
0.681956
0.685868
0.6976559999999999
0.6948380000000001
0.6899339999999999
0.6899979999999999
0.696246
0.710112
0.6853560000000001
0.697904
0.688268
0.687442
0.7028059999999999
0.6995180000000001
0.7169260000000001
0.681178
0.6887059999999999
0.70416
0.684504
0.691456
0.6967099999999999
0.7047039999999999
0.728044
0.698856
0.70616
0.70179
0.7033659999999999
0.6884440000000001
0.7043560000000001
0.6992900000000001
0.702932
0.7070199999999999
0.704276
0.737024
0.7136040000000001
0.697364
0.703912
0.718804
0.7222120000000001
0.714364
0.7362059999999999
0.7080420000000001
0.7053079999999999
0.723932
0.7104340000000001
0.706874
0.735436
0.7141320000000001
0.730942
0.729092
0.714494
0.716722
0.716054
0.724282
0.7235459999999999
0.721906
0.724012
