0.6290220000000001
0.601856
0.630832
0.6490619999999999
0.630296
0.595368
0.66161
0.65377
0.647588
0.659022
0.620056
0.632008
0.626094
0.646242
0.6828839999999999
0.685646
0.6787120000000001
0.611046
0.6821900000000001
0.62774
0.690958
0.728452
0.72789
0.586396
0.698102
0.682082
0.686418
0.6806739999999999
0.7161460000000001
0.7267620000000001
0.6920640000000001
0.652768
0.741066
0.71592
0.66833
0.716356
0.692966
0.72516
0.6875220000000001
0.706412
0.69735
0.6851879999999999
0.717804
0.7195320000000001
0.7273740000000001
0.7179079999999999
0.7206079999999999
0.702832
0.6616240000000001
0.705426
0.7327739999999999
0.695728
0.7307620000000001
0.671686
0.7006220000000001
0.691672
0.67354
0.719082
0.735932
0.682326
0.72357
0.726976
0.713576
0.7310460000000001
0.724542
0.7081019999999999
0.69664
0.7063780000000001
0.728954
0.7315899999999999
0.734816
0.718442
0.7433639999999999
0.702692
0.7103020000000001
0.7215360000000001
0.7249619999999999
0.7225480000000001
0.739882
0.718652
0.73883
0.733352
0.690006
0.7196020000000001
0.700446
0.7451899999999999
0.657754
0.663288
0.7273000000000001
0.72554
0.692406
0.71764
0.7356520000000001
0.7014900000000001
0.7287199999999999
0.693292
0.7109899999999999
0.696844
0.732534
0.7098639999999999
