0.542544
0.5833160000000001
0.5
0.639874
0.5
0.611726
0.5
0.6103599999999999
0.61697
0.630106
0.6393759999999999
0.67349
0.6584
0.6355320000000001
0.685646
0.639312
0.6834319999999999
0.649946
0.715582
0.708314
0.632122
0.676428
0.67952
0.666858
0.717676
0.6536259999999999
0.6436279999999999
0.7322219999999999
0.6299020000000001
0.626598
0.655058
0.66848
0.653416
0.650494
0.689234
0.657484
0.654022
0.7095199999999999
0.6987140000000001
0.7014039999999999
0.689766
0.690402
0.645676
0.640968
0.675812
0.617254
0.692202
0.673248
0.6727420000000001
0.612202
0.5616599999999999
0.657434
0.673986
0.64927
0.6654760000000001
0.6294679999999999
0.626962
0.637848
0.6119159999999999
0.600472
0.638628
0.6318400000000001
0.621074
0.62345
0.578196
0.65142
0.58102
0.6564939999999999
0.6626460000000001
0.6091679999999999
0.570266
0.5914659999999999
0.625744
0.65576
0.5886399999999999
0.63352
0.6085879999999999
0.6455299999999999
0.621766
0.643402
0.601818
0.642176
0.633068
0.6329920000000001
0.58936
0.634544
0.6083200000000001
0.605992
0.6447720000000001
0.581
0.56687
0.592562
0.6603439999999999
0.6376
0.610816
0.600292
0.526786
0.61284
0.60847
0.6111260000000001
