0.5
0.5
0.661174
0.6353939999999999
0.6222979999999999
0.5
0.61631
0.618908
0.62758
0.6490159999999999
0.6644439999999999
0.6644500000000001
0.6916439999999999
0.6654439999999999
0.653992
0.684476
0.7039780000000001
0.684738
0.700408
0.711598
0.6976579999999999
0.7102599999999999
0.7392160000000001
0.730412
0.631524
0.7040519999999999
0.667642
0.707408
0.6803939999999999
0.6974159999999999
0.731974
0.608058
0.7155459999999999
0.695774
0.7112419999999999
0.685956
0.702432
0.693884
0.661558
0.685944
0.682586
0.6809080000000001
0.690274
0.687028
0.6209499999999999
0.680604
0.693096
0.6774699999999999
0.667484
0.697924
0.6302939999999999
0.7188800000000001
0.675954
0.663708
0.708506
0.6322720000000001
0.715816
0.668172
0.710074
0.644402
0.663342
0.652936
0.685362
0.6104499999999999
0.618232
0.703056
0.631592
0.59929
0.66117
0.637732
0.6306879999999999
0.615686
0.6009140000000001
0.677068
0.636684
0.636608
0.6525000000000001
0.650164
0.669936
0.633778
0.5940460000000001
0.673722
0.597034
0.592192
0.607974
0.65975
0.6209800000000001
0.6607059999999999
0.6001920000000001
0.583164
0.6153339999999999
0.6317659999999999
0.6439379999999999
0.6082500000000001
0.5899559999999999
0.605644
0.6557459999999999
0.600796
0.641806
0.596666
