0.5209459999999999
0.522346
0.5209199999999999
0.549316
0.572868
0.56658
0.587376
0.57962
0.5809219999999999
0.5918059999999998
0.604352
0.58681
0.5950139999999999
0.611256
0.594064
0.611494
0.629246
0.623626
0.64249
0.656158
0.6688959999999999
0.673484
0.692076
0.687138
0.7010639999999999
0.713782
0.7405619999999999
0.724152
0.686898
0.7254600000000001
0.7236699999999999
0.74401
0.740694
0.73923
0.75031
0.742748
0.7509859999999999
0.74208
0.76468
0.74025
0.751678
0.749476
0.788786
0.759564
0.75291
0.75839
0.7692
0.7751379999999999
0.75925
0.76579
0.805646
0.785782
0.776082
0.775988
0.770922
0.77899
0.783066
0.78079
0.771268
0.778984
0.7791119999999999
0.7660640000000001
0.786728
0.7710319999999999
0.815188
0.813176
0.782926
0.782162
0.780674
0.77564
0.7791800000000001
0.7899579999999999
0.76783
0.7708320000000001
0.784542
0.7703
0.793852
0.808564
0.795766
0.778786
0.784502
0.776672
0.789184
0.791314
0.804234
0.773482
0.801374
0.793164
0.782666
0.7959999999999999
0.8056840000000001
0.780738
0.78879
0.787626
0.79548
0.801042
0.78915
0.80051
0.8021440000000001
0.764574
