0.6138720000000001
0.66095
0.67805
0.648236
0.612452
0.6630199999999999
0.571248
0.612604
0.60759
0.567654
0.657076
0.647112
0.6354120000000001
0.612692
0.6286280000000001
0.638644
0.5972980000000001
0.594268
0.6200019999999999
0.638954
0.620334
0.61234
0.633428
0.6455219999999999
0.63449
0.674248
0.639928
0.602804
0.612506
0.649648
0.638766
0.5733659999999999
0.605814
0.62129
0.599248
0.60507
0.583168
0.639484
0.652378
0.6058079999999999
0.6151000000000001
0.638686
0.635256
0.638516
0.610688
0.615722
0.592516
0.594544
0.6325240000000001
0.59922
0.633526
0.606002
0.6177819999999999
0.645494
0.5884440000000001
0.606126
0.611136
0.591118
0.627024
0.580696
0.642876
0.59407
0.618684
0.675
0.68592
0.610886
0.596784
0.662698
0.662608
0.6136320000000001
0.6210640000000002
0.611674
0.6125780000000001
0.6133580000000001
0.624188
0.631048
0.629272
0.6513800000000001
0.595456
0.58179
0.586312
0.648002
0.607432
0.6186820000000001
0.602608
0.6425019999999999
0.643374
0.638576
0.6342559999999999
0.631394
0.657524
0.636982
0.64899
0.648892
0.6413080000000001
0.6219600000000001
0.599342
0.6266200000000001
0.613528
0.658844
