0.5
0.5
0.5
0.5
0.5
0.5
0.5
0.5
0.5
0.5
0.5
0.5
0.5
0.5
0.5
0.5
0.5
0.5
0.5
0.5
0.5
0.5
0.5
0.5
0.5
0.5
0.532626
0.5
0.5
0.5
0.5
0.552882
0.64495
0.5
0.5
0.5
0.5
0.5444100000000001
0.5
0.569434
0.5
0.5
0.534402
0.5
0.5393519999999999
0.5
0.5
0.5
0.5
0.5
0.5
0.5
0.5
0.51437
0.599162
0.5
0.540416
0.59678
0.5
0.5
0.5
0.5
0.562276
0.5
0.5
0.5
0.5
0.5
0.5
0.5
0.5
0.652232
0.5
0.63748
0.6091519999999999
0.612834
0.545362
0.5
0.5
0.5
0.5
0.606466
0.592422
0.578026
0.565842
0.5
0.5
0.5
0.5
0.5148119999999999
0.586902
0.504744
0.5
0.5
0.5
0.5
0.5
0.56953
0.455918
0.5
