0.5521659999999999
0.624372
0.5832720000000001
0.583786
0.5524939999999999
0.550826
0.54872
0.54425
0.563916
0.559266
0.559104
0.568886
0.5497540000000001
0.56163
0.546334
0.5627960000000001
0.570066
0.574298
0.577964
0.576708
0.588062
0.581352
0.579066
0.5700360000000001
0.579794
0.575718
0.595884
0.5944419999999999
0.596652
0.58549
0.585518
0.5920839999999999
0.61916
0.578504
0.616446
0.632034
0.60955
0.6013379999999999
0.623126
0.62218
0.627044
0.623486
0.61241
0.6161059999999999
0.61501
0.599872
0.619512
0.6287220000000001
0.621686
0.6280439999999999
0.6162940000000001
0.624134
0.639544
0.626922
0.644204
0.6441319999999999
0.640702
0.627316
0.6439799999999999
0.61458
0.61396
0.6196360000000001
0.648278
0.6269460000000001
0.616564
0.636462
0.629026
0.6323380000000001
0.604828
0.633698
0.607424
0.6263719999999999
0.603154
0.631944
0.6227480000000001
0.62606
0.636802
0.627092
0.613346
0.6694439999999999
0.653306
0.624518
0.6255040000000001
0.613844
0.6096860000000001
0.641364
0.623022
0.6560779999999999
0.6596219999999999
0.630246
0.6214959999999999
0.637196
0.6154959999999998
0.637876
0.659352
0.635444
0.6456959999999999
0.622992
0.6445039999999999
0.6282559999999999
