0.571994
0.5
0.5
0.5844320000000001
0.626548
0.5
0.67916
0.6573279999999999
0.651152
0.6449320000000001
0.614676
0.6688580000000001
0.6346359999999999
0.590518
0.650364
0.588964
0.700306
0.658918
0.66799
0.6716179999999999
0.689152
0.7121000000000001
0.667422
0.678938
0.6695099999999999
0.68716
0.668498
0.682154
0.669226
0.70517
0.6814880000000001
0.704846
0.6719399999999999
0.673616
0.6701419999999999
0.684098
0.633952
0.67588
0.6995359999999999
0.677658
0.7143079999999999
0.72645
0.73955
0.6659120000000001
0.655996
0.6449579999999999
0.650768
0.668576
0.674902
0.6910959999999999
0.6511440000000001
0.625296
0.71634
0.667068
0.716798
0.6758639999999999
0.703778
0.689288
0.691502
0.6983059999999999
0.6836120000000001
0.70315
0.720824
0.614948
0.6805
0.6733439999999999
0.6981099999999999
0.645002
0.6064039999999999
0.649134
0.639292
0.677528
0.7155179999999999
0.7082839999999999
0.6378900000000001
0.60491
0.6937599999999999
0.678906
0.667866
0.648904
0.6475460000000001
0.6662980000000001
0.702632
0.664334
0.7033779999999998
0.609976
0.674372
0.6382579999999999
0.6410699999999999
0.6376599999999999
0.660928
0.65466
0.67856
0.69739
0.6525639999999999
0.5954619999999999
0.6654420000000001
0.6471840000000001
0.641926
0.608526
