0.6579799999999999
0.650198
0.663512
0.6467900000000001
0.64327
0.655384
0.61477
0.6658480000000001
0.659324
0.6343
0.634876
0.606434
0.604266
0.6396200000000001
0.6974600000000001
0.6307999999999999
0.691178
0.677236
0.672926
0.713884
0.6875
0.713652
0.7044199999999999
0.6195440000000001
0.6865020000000001
0.678152
0.68978
0.720374
0.7156980000000001
0.722092
0.70363
0.709016
0.679432
0.704372
0.7218979999999999
0.6751480000000001
0.677756
0.6922639999999999
0.714314
0.70212
0.6719240000000001
0.723852
0.692254
0.6889039999999998
0.6883379999999999
0.7116500000000001
0.722784
0.680998
0.739294
0.710294
0.685298
0.683626
0.702828
0.730576
0.707598
0.706728
0.7159840000000001
0.655324
0.676806
0.723014
0.7111
0.655304
0.693612
0.7041259999999999
0.7267800000000001
0.6774600000000001
0.7192179999999999
0.7238220000000001
0.720188
0.70439
0.726588
0.7121759999999999
0.72904
0.726494
0.7213399999999999
0.7159260000000001
0.7378840000000001
0.73122
0.6842539999999999
0.716762
0.6865359999999999
0.698204
0.706462
0.72154
0.6875939999999999
0.7211280000000001
0.6823060000000001
0.71911
0.658092
0.711858
0.725348
0.707294
0.7178599999999999
0.701982
0.718108
0.688724
0.69406
0.705442
0.70861
0.730978
