0.615386
0.577424
0.58433
0.568448
0.574846
0.6385740000000001
0.518382
0.5662659999999999
0.6556839999999999
0.548454
0.580522
0.6146980000000001
0.63805
0.5865520000000001
0.575734
0.6137459999999999
0.584314
0.58421
0.601996
0.682826
0.6226539999999999
0.64881
0.600484
0.6923520000000001
0.5663539999999999
0.619698
0.6206579999999999
0.62851
0.624306
0.608866
0.6407980000000001
0.67125
0.612034
0.6595420000000001
0.626592
0.6432039999999999
0.688498
0.614654
0.660246
0.6381239999999999
0.624908
0.677014
0.6358
0.6913239999999999
0.6292399999999999
0.650838
0.6532859999999999
0.6339020000000001
0.697736
0.636254
0.696334
0.619004
0.6474599999999999
0.678122
0.672838
0.66501
0.659404
0.664096
0.672682
0.6312599999999999
0.691574
0.6420440000000001
0.632622
0.64018
0.674396
0.68261
0.652088
0.6544679999999999
0.6224780000000001
0.693756
0.6225459999999999
0.6468980000000001
0.6383559999999999
0.659624
0.673548
0.6707939999999999
0.643576
0.671608
0.657968
0.65684
0.6677879999999999
0.683912
0.64035
0.701878
0.6896599999999999
0.67818
0.7006619999999999
0.68048
0.6617120000000001
0.671594
0.619526
0.6488839999999999
0.683494
0.6815
0.6561919999999999
0.65416
0.670068
0.672594
0.7060439999999999
0.693226
