0.551044
0.6438860000000001
0.670388
0.533898
0.578646
0.649942
0.6311559999999999
0.651554
0.65959
0.6466299999999999
0.6148939999999998
0.634312
0.65056
0.654236
0.614084
0.6182599999999999
0.60922
0.64866
0.64441
0.600616
0.62945
0.613544
0.6219119999999999
0.58322
0.601218
0.588936
0.619096
0.64122
0.613302
0.6288520000000001
0.6423220000000001
0.606566
0.60494
0.571098
0.5744239999999999
0.560674
0.56737
0.6033000000000001
0.59748
0.628566
0.6042620000000001
0.6256440000000001
0.601034
0.604994
0.59712
0.643796
0.593806
0.5609899999999999
0.61928
0.6255840000000001
0.561888
0.633304
0.623292
0.5840339999999999
0.6148
0.6449119999999999
0.668846
0.6273359999999999
0.644094
0.611352
0.6440359999999999
0.657062
0.646822
0.580758
0.6293479999999999
0.6054919999999999
0.6391459999999999
0.6142080000000001
0.634824
0.6352300000000001
0.6097139999999999
0.62893
0.637526
0.580054
0.6049019999999999
0.63367
0.615052
0.588496
0.6401600000000001
0.6072960000000001
0.643142
0.6094219999999999
0.6197640000000001
0.632842
0.6377560000000001
0.6344319999999999
0.609384
0.6023759999999999
0.622868
0.627364
0.621676
0.6265780000000001
0.603824
0.590302
0.614034
0.608694
0.613164
0.61213
0.59198
0.6310319999999999
