0.551986
0.66732
0.6496020000000001
0.623376
0.6258039999999999
0.604444
0.639882
0.646298
0.6411420000000001
0.6339199999999999
0.6469039999999999
0.656332
0.654834
0.6481319999999999
0.607936
0.6383559999999999
0.633852
0.66891
0.637836
0.659214
0.6161019999999999
0.619216
0.61791
0.645098
0.5679299999999999
0.645946
0.608742
0.576188
0.5931379999999999
0.6183100000000001
0.627682
0.6105780000000001
0.6300319999999999
0.58668
0.5891
0.628456
0.5964740000000001
0.61594
0.6113460000000001
0.591704
0.5986719999999999
0.630328
0.6212540000000001
0.599412
0.56592
0.6499680000000001
0.6513540000000001
0.6302239999999999
0.6206
0.649882
0.659808
0.587558
0.598508
0.6343399999999999
0.626468
0.6066860000000001
0.590336
0.628146
0.6447700000000001
0.648552
0.63
0.583864
0.6714319999999999
0.619006
0.62592
0.6413819999999999
0.64323
0.6095299999999999
0.598318
0.617002
0.6405620000000001
0.5823160000000001
0.6218819999999999
0.603432
0.600818
0.6227920000000001
0.6471359999999999
0.639232
0.64958
0.6226179999999999
0.647752
0.6431800000000001
0.6191159999999999
0.621574
0.6268480000000001
0.629622
0.641262
0.6221260000000001
0.62794
0.636696
0.631208
0.63555
0.6379140000000001
0.6157680000000001
0.6315639999999999
0.6373599999999999
0.649692
0.6204200000000001
0.583524
0.6096720000000001
