0.5957840000000001
0.5
0.6186900000000001
0.6109880000000001
0.5
0.6359020000000001
0.616206
0.567984
0.6616059999999999
0.624244
0.603054
0.665236
0.6663720000000001
0.601698
0.61459
0.5
0.679382
0.608458
0.64811
0.5
0.632864
0.672946
0.639184
0.6541220000000001
0.624872
0.704582
0.5
0.654342
0.66686
0.6421339999999999
0.6922240000000001
0.657052
0.670028
0.6726500000000001
0.6899080000000001
0.686246
0.696582
0.672264
0.683368
0.6583159999999999
0.6537999999999999
0.651938
0.6247699999999999
0.678262
0.6368320000000001
0.626112
0.5856939999999999
0.6731659999999999
0.664786
0.69174
0.677096
0.6648459999999999
0.643096
0.685694
0.7079859999999999
0.6904800000000001
0.665494
0.644556
0.5
0.650424
0.684988
0.699168
0.624752
0.5
0.698426
0.6171059999999999
0.644034
0.64365
0.5962299999999999
0.6313099999999999
0.6494179999999999
0.69726
0.60412
0.6866260000000001
0.677876
0.69371
0.608618
0.662016
0.6527799999999999
0.6018939999999999
0.6504939999999999
0.6216339999999999
0.613992
0.632008
0.6824600000000001
0.6969719999999999
0.649132
0.661754
0.6753319999999999
0.682242
0.6022439999999999
0.658034
0.637618
0.5
0.661966
0.64251
0.644152
0.59942
0.6776280000000001
0.6755300000000001
