0.575274
0.636048
0.563498
0.668388
0.628602
0.640708
0.61921
0.6697339999999999
0.694814
0.617208
0.650984
0.653172
0.602466
0.653718
0.697656
0.660932
0.72702
0.6600759999999999
0.707542
0.7278060000000001
0.697242
0.718632
0.648166
0.659446
0.693076
0.6771320000000001
0.710968
0.735022
0.662268
0.703508
0.6738000000000001
0.7086800000000001
0.728174
0.678728
0.7147759999999999
0.716592
0.7150679999999999
0.716084
0.7417079999999999
0.72518
0.6549940000000001
0.6994199999999999
0.6837740000000001
0.6856279999999999
0.7386940000000001
0.7273459999999999
0.7344139999999999
0.7500739999999999
0.7360040000000001
0.719288
0.7223620000000001
0.72069
0.6843839999999999
0.7547519999999999
0.747766
0.733016
0.757846
0.762192
0.718932
0.7494080000000001
0.734734
0.6671320000000001
0.729834
0.735034
0.726366
0.726842
0.70834
0.744078
0.705584
0.736904
0.71733
0.7341939999999999
0.7173560000000001
0.6882900000000001
0.75286
0.764804
0.745186
0.742396
0.734734
0.72278
0.74427
0.7329380000000001
0.751498
0.7246779999999999
0.754352
0.736672
0.737604
0.751664
0.7612979999999999
0.742008
0.752524
0.753454
0.7188999999999999
0.697906
0.754266
0.720548
0.7346499999999999
0.75047
0.754958
0.743962
