0.5517179999999999
0.5956199999999999
0.6259060000000001
0.6609039999999999
0.5802620000000001
0.651006
0.614422
0.623846
0.6354080000000001
0.6299539999999999
0.617372
0.633432
0.62198
0.603038
0.64581
0.620468
0.646682
0.648206
0.6277220000000001
0.616506
0.5768880000000001
0.591516
0.6622979999999999
0.659164
0.622866
0.5802579999999999
0.5991460000000001
0.620274
0.6283719999999999
0.6394
0.6321779999999999
0.59648
0.6501600000000001
0.589966
0.607518
0.6309579999999999
0.637708
0.6095600000000001
0.5939880000000001
0.5731459999999999
0.608684
0.5862740000000001
0.657772
0.635174
0.599912
0.59242
0.612422
0.619744
0.616418
0.641522
0.620714
0.618012
0.5941400000000001
0.622658
0.6100079999999999
0.628708
0.615704
0.64165
0.6402399999999999
0.668118
0.615236
0.64653
0.616564
0.61279
0.622718
0.621772
0.577812
0.589982
0.657318
0.633362
0.6034
0.64426
0.6361600000000001
0.6421899999999999
0.642164
0.6135619999999999
0.632754
0.6344339999999999
0.6451059999999998
0.59587
0.651844
0.628874
0.638572
0.639438
0.632922
0.635158
0.658774
0.6352099999999999
0.608514
0.6197920000000001
0.616334
0.655318
0.6601340000000001
0.6179899999999999
0.6554659999999999
0.64481
0.627426
0.6601919999999999
0.622862
0.579868
