0.6025440000000001
0.5726420000000001
0.550764
0.5633539999999999
0.62477
0.63616
0.498676
0.560622
0.544322
0.583524
0.567512
0.568416
0.560848
0.578466
0.5981960000000001
0.5572560000000001
0.619162
0.583634
0.638838
0.591792
0.5972580000000001
0.5885779999999999
0.615288
0.575378
0.6164939999999999
0.643176
0.5643419999999999
0.6357299999999999
0.686924
0.616952
0.6348199999999999
0.586964
0.61857
0.6297600000000001
0.645584
0.611582
0.661672
0.613274
0.6504939999999999
0.6521399999999999
0.625926
0.662268
0.6505279999999999
0.6609
0.621268
0.650946
0.614996
0.6618539999999999
0.634696
0.6637679999999999
0.6503059999999999
0.671858
0.636628
0.64958
0.659536
0.6708299999999999
0.6331420000000001
0.6548780000000001
0.624544
0.666674
0.658142
0.6956019999999999
0.63412
0.6828299999999999
0.655886
0.6690480000000001
0.666704
0.667728
0.636954
0.66508
0.673234
0.680122
0.664298
0.659942
0.663248
0.653024
0.680148
0.69801
0.649642
0.6593060000000001
0.674652
0.6690159999999998
0.678698
0.690334
0.6450899999999999
0.68319
0.677044
0.637992
0.650504
0.646114
0.676466
0.659356
0.6685880000000001
0.659432
0.6762539999999999
0.6403
0.632044
0.648966
0.6645939999999999
0.657962
