0.60392
0.6006980000000001
0.653856
0.678874
0.5891
0.673102
0.673126
0.658934
0.679782
0.6907220000000001
0.633772
0.66979
0.698204
0.636166
0.661014
0.6645120000000001
0.66834
0.6818980000000001
0.70641
0.690988
0.770618
0.6519799999999999
0.6861740000000001
0.69849
0.654982
0.7078180000000001
0.753292
0.752288
0.67892
0.667316
0.6793619999999999
0.690928
0.6714380000000001
0.6921839999999999
0.723664
0.67666
0.728908
0.742984
0.730792
0.6813819999999999
0.705192
0.749898
0.75594
0.754974
0.71672
0.7344860000000001
0.723904
0.710264
0.6508219999999999
0.7039540000000001
0.7647200000000001
0.697798
0.685834
0.726018
0.717114
0.7141059999999999
0.672326
0.676544
0.7253839999999999
0.7071320000000001
0.713234
0.73434
0.664776
0.70862
0.682188
0.6939899999999999
0.721688
0.706992
0.745394
0.682626
0.720882
0.7418239999999999
0.691734
0.660046
0.7091700000000001
0.75124
0.687034
0.717404
0.723884
0.6982459999999999
0.7402139999999999
0.6990139999999999
0.68987
0.691006
0.684766
0.7149
0.673602
0.7049219999999999
0.693468
0.684344
0.720978
0.721536
0.704624
0.710818
0.6901759999999999
0.6911239999999998
0.720884
0.7036399999999999
0.7262199999999999
0.701928
