0.5
0.5
0.55187
0.5803579999999999
0.5
0.601836
0.5379499999999999
0.584958
0.625826
0.536946
0.589334
0.6180319999999999
0.6306599999999999
0.5577799999999999
0.624978
0.5801340000000001
0.5944860000000001
0.6090460000000001
0.618168
0.70205
0.616104
0.645356
0.6224259999999999
0.660042
0.6243879999999999
0.62041
0.614248
0.606406
0.6435320000000001
0.611652
0.618584
0.635814
0.695882
0.685562
0.636678
0.621748
0.679422
0.6201780000000001
0.6896779999999999
0.614416
0.670556
0.73103
0.6522880000000001
0.681628
0.6243500000000001
0.6537219999999999
0.662456
0.655138
0.6885180000000001
0.590884
0.65078
0.6301059999999999
0.6519240000000001
0.66967
0.589546
0.6855020000000001
0.645948
0.64588
0.7003559999999999
0.6518840000000001
0.7038739999999999
0.658914
0.660714
0.63076
0.69372
0.615476
0.67614
0.6446299999999998
0.638352
0.690722
0.50656
0.6187239999999999
0.5990439999999999
0.646412
0.7145239999999999
0.6428559999999999
0.6682880000000001
0.6994039999999999
0.5959539999999999
0.660092
0.652132
0.653752
0.680486
0.60273
0.721746
0.653328
0.682114
0.584804
0.597604
0.6392040000000001
0.617512
0.628814
0.651432
0.6179300000000001
0.6628940000000001
0.67333
0.579278
0.6782840000000001
0.596176
0.596988
