0.501314
0.5
0.5
0.5
0.5
0.547018
0.5
0.5
0.5
0.5
0.48152600000000007
0.5
0.51168
0.5
0.5454700000000001
0.5
0.604286
0.59627
0.5539240000000001
0.566692
0.5
0.5
0.5
0.560436
0.598304
0.57801
0.610698
0.596726
0.566246
0.594552
0.5
0.59131
0.558656
0.5854579999999999
0.644196
0.554534
0.5733020000000001
0.607374
0.635804
0.5513159999999999
0.5858800000000001
0.5861240000000001
0.5443439999999999
0.52413
0.576662
0.542214
0.563264
0.538648
0.573454
0.5642560000000001
0.601084
0.547344
0.572064
0.5794159999999999
0.576534
0.6062379999999999
0.5559000000000001
0.5440419999999999
0.558198
0.545908
0.5529999999999999
0.564854
0.553992
0.56106
0.616406
0.593448
0.571086
0.531962
0.539506
0.57366
0.56762
0.494262
0.5351920000000001
0.529782
0.537764
0.540692
0.547374
0.524876
0.556006
0.5439200000000001
0.542052
0.521794
0.516636
0.514044
0.537694
0.525404
0.5704739999999999
0.519682
0.533928
0.509538
0.52116
0.52223
0.5247580000000001
0.527516
0.532796
0.547052
0.546872
0.5204519999999999
0.533946
0.550722
