0.6089460000000001
0.62666
0.613182
0.6453200000000001
0.6040719999999999
0.606618
0.635026
0.639666
0.5947100000000001
0.657278
0.673652
0.611388
0.678982
0.6625539999999999
0.661944
0.647428
0.67038
0.727606
0.6897779999999999
0.63195
0.625046
0.682566
0.709492
0.7259260000000001
0.6554220000000001
0.714184
0.6597439999999999
0.728696
0.6289859999999999
0.64908
0.697184
0.7076760000000001
0.652364
0.6934260000000001
0.707908
0.702726
0.696276
0.66375
0.7348519999999998
0.6899280000000001
0.7113999999999999
0.6953639999999999
0.6836220000000001
0.702794
0.7214139999999999
0.7474860000000001
0.739272
0.738116
0.7365460000000001
0.7096560000000001
0.691474
0.709142
0.7434959999999999
0.75839
0.766352
0.737476
0.744274
0.7460979999999999
0.778084
0.730438
0.752844
0.7002360000000001
0.741198
0.6774560000000001
0.710452
0.749506
0.728616
0.731162
0.756852
0.713886
0.7334800000000001
0.7722620000000001
0.7117999999999999
0.768976
0.7268560000000001
0.745752
0.728896
0.7677
0.6898399999999999
0.756344
0.7374780000000001
0.773848
0.7395360000000001
0.7477360000000001
0.7230179999999999
0.712524
0.764328
0.695962
0.740138
0.7519680000000001
0.72847
0.706036
0.7569
0.738844
0.750872
0.7445539999999999
0.7230880000000001
0.7495160000000001
0.7449020000000001
0.742
