0.6448640000000001
0.5863940000000001
0.605724
0.60381
0.640114
0.60534
0.55741
0.578314
0.563436
0.560282
0.54749
0.567336
0.584318
0.5500959999999999
0.560516
0.564204
0.5740299999999999
0.58908
0.6605819999999999
0.585398
0.57441
0.5809460000000001
0.5756999999999999
0.5980019999999999
0.581642
0.61278
0.603326
0.583828
0.674448
0.564272
0.602784
0.591308
0.59944
0.6048260000000001
0.59566
0.590392
0.5967319999999999
0.614982
0.602904
0.59714
0.60152
0.588456
0.59566
0.6142420000000001
0.6000239999999999
0.6238239999999999
0.5866720000000001
0.62332
0.6204419999999999
0.636334
0.5998999999999999
0.606264
0.63866
0.59309
0.6060939999999999
0.662002
0.586998
0.6012679999999999
0.590462
0.617822
0.57004
0.580408
0.613482
0.629556
0.6851079999999999
0.596734
0.6055740000000001
0.64891
0.59129
0.620574
0.626368
0.608456
0.619632
0.57768
0.630278
0.59227
0.58472
0.596176
0.6079479999999999
0.603264
0.610112
0.5808719999999999
0.626834
0.600124
0.583804
0.66599
0.694186
0.578142
0.600416
0.5975600000000001
0.6547360000000001
0.595556
0.606832
0.614596
0.5968739999999999
0.6162759999999999
0.5831679999999999
0.6203559999999999
0.5770759999999999
0.594406
