0.5853200000000001
0.61926
0.611556
0.611222
0.615882
0.57767
0.615102
0.6175080000000001
0.5
0.623394
0.5938899999999999
0.656302
0.6257280000000001
0.661266
0.59705
0.691392
0.653856
0.5752200000000001
0.5
0.6175280000000001
0.6283279999999999
0.655738
0.678566
0.662546
0.679936
0.6961519999999999
0.67039
0.5
0.680466
0.67522
0.65119
0.600468
0.6703600000000001
0.5
0.67893
0.6379980000000001
0.6062919999999999
0.672648
0.67116
0.6663299999999999
0.6480279999999999
0.626408
0.650996
0.6490980000000001
0.63635
0.665536
0.614336
0.6668980000000001
0.6524559999999999
0.661408
0.587964
0.661146
0.672664
0.595726
0.653086
0.616824
0.63443
0.6831559999999999
0.6931620000000001
0.657598
0.668568
0.6624519999999999
0.645342
0.673356
0.71038
0.597016
0.600264
0.5388719999999999
0.618616
0.6769879999999999
0.6359299999999999
0.602268
0.60683
0.631886
0.63631
0.617058
0.600214
0.630978
0.6711899999999998
0.658394
0.618588
0.687848
0.649448
0.641274
0.6627179999999999
0.6464199999999999
0.537172
0.602018
0.5793219999999999
0.6087659999999999
0.5941139999999999
0.6548080000000001
0.685964
0.6725639999999999
0.676796
0.6042339999999999
0.587386
0.6404340000000001
0.666212
0.705226
