0.603826
0.5
0.669008
0.5
0.604116
0.5
0.6557100000000001
0.675134
0.630088
0.699566
0.6487740000000001
0.6405139999999999
0.6714180000000001
0.650944
0.69928
0.612672
0.6752
0.6563780000000001
0.6455580000000001
0.67359
0.6606519999999999
0.6809179999999999
0.695834
0.696664
0.6500900000000001
0.647516
0.6620900000000001
0.625102
0.646702
0.7147880000000001
0.6650999999999999
0.648338
0.6553500000000001
0.631914
0.662044
0.6350760000000001
0.695272
0.652276
0.683946
0.656396
0.6676420000000001
0.7172040000000001
0.7003900000000001
0.714834
0.6881219999999999
0.6314299999999999
0.693592
0.6423019999999999
0.6353300000000001
0.688498
0.691666
0.672632
0.6998759999999999
0.690402
0.662434
0.6433220000000001
0.614142
0.676304
0.6364259999999999
0.6562619999999999
0.6788320000000001
0.663502
0.6107680000000001
0.671662
0.6714399999999999
0.6566179999999999
0.6619759999999999
0.667744
0.67097
0.6401699999999999
0.689898
0.6746559999999999
0.6454219999999999
0.647196
0.6267199999999999
0.6420079999999999
0.6310840000000001
0.662502
0.579848
0.627152
0.656598
0.6088859999999999
0.616442
0.642668
0.6654959999999999
0.6428879999999999
0.635338
0.607896
0.58667
0.6520300000000001
0.629744
0.675392
0.651036
0.6536679999999999
0.615028
0.6397619999999999
0.64858
0.619446
0.631298
0.598632
