0.6375660000000001
0.5
0.63491
0.6531520000000001
0.6413
0.603038
0.5
0.636428
0.6065720000000001
0.6408640000000001
0.6462439999999999
0.663466
0.624198
0.572382
0.6773980000000001
0.6833480000000001
0.6780759999999999
0.624016
0.708648
0.711792
0.714452
0.6805140000000001
0.69632
0.6700579999999999
0.71591
0.6913600000000001
0.6388360000000001
0.6683079999999999
0.708564
0.701206
0.673942
0.708068
0.7318100000000002
0.663598
0.736934
0.6882520000000001
0.722342
0.7086699999999999
0.701282
0.6490940000000001
0.68223
0.678644
0.7091220000000001
0.655428
0.726978
0.7151460000000001
0.667014
0.695102
0.727178
0.652672
0.701916
0.639528
0.7066
0.7045760000000001
0.649858
0.610662
0.639686
0.629392
0.6420739999999999
0.608182
0.62647
0.6561999999999999
0.612426
0.656086
0.6312979999999999
0.69541
0.6814579999999999
0.583908
0.6467959999999999
0.6242219999999999
0.645678
0.6552319999999999
0.6787439999999999
0.647964
0.631162
0.629616
0.589782
0.656276
0.611494
0.643692
0.62838
0.6339739999999999
0.6620779999999999
0.59094
0.689608
0.5951960000000001
0.61277
0.637678
0.58487
0.596766
0.600914
0.6172480000000001
0.60491
0.6054660000000001
0.616562
0.5787939999999999
0.591388
0.559212
0.601006
0.60655
