0.600038
0.594702
0.5
0.6129140000000001
0.5
0.65425
0.593106
0.644648
0.587506
0.5
0.6359059999999999
0.630632
0.61277
0.6803819999999999
0.6801879999999999
0.651644
0.635696
0.71237
0.685912
0.635494
0.680828
0.737354
0.7190000000000001
0.647454
0.703696
0.7551220000000001
0.613754
0.725082
0.722256
0.7201519999999999
0.684742
0.6860440000000001
0.7158439999999999
0.7157600000000001
0.649722
0.649632
0.692446
0.7230719999999999
0.690862
0.664748
0.66692
0.6546599999999999
0.6426320000000001
0.6928939999999999
0.71681
0.686088
0.666542
0.6743939999999999
0.690396
0.6424059999999999
0.688118
0.6852439999999999
0.6786540000000001
0.6848920000000001
0.6583019999999999
0.6947579999999999
0.635432
0.6907859999999999
0.6521779999999999
0.657666
0.722628
0.69187
0.656034
0.643348
0.6745979999999999
0.669254
0.663098
0.6616519999999999
0.641112
0.633366
0.657592
0.6465099999999999
0.572648
0.63512
0.6261319999999999
0.6360899999999999
0.629194
0.696658
0.599612
0.6278659999999999
0.6683220000000001
0.6178159999999999
0.647638
0.641234
0.6599379999999999
0.6304660000000001
0.63022
0.630344
0.681622
0.6538039999999999
0.61067
0.642136
0.634296
0.627776
0.662488
0.6215600000000001
0.6133219999999999
0.6387780000000001
0.650578
0.589836
