0.608118
0.66079
0.647394
0.66662
0.658496
0.6671680000000001
0.6720539999999999
0.647708
0.6462959999999999
0.648366
0.651584
0.654488
0.6279060000000001
0.6884239999999999
0.6694100000000001
0.658724
0.65864
0.684116
0.69636
0.6822659999999999
0.6867719999999999
0.688986
0.695596
0.68697
0.696416
0.670266
0.710734
0.7118059999999999
0.7028179999999999
0.721924
0.71788
0.7338
0.7487339999999999
0.702446
0.7344419999999999
0.7330439999999999
0.729952
0.734248
0.749382
0.735762
0.721544
0.7238
0.7426599999999999
0.713776
0.7374980000000001
0.7190380000000001
0.7607659999999999
0.7549000000000001
0.7438899999999999
0.7216
0.732334
0.73829
0.732678
0.732212
0.7072479999999999
0.7368120000000001
0.761682
0.7441099999999999
0.741688
0.742534
0.753654
0.74784
0.7504779999999999
0.729792
0.7375419999999999
0.769468
0.7307020000000001
0.728714
0.730902
0.7268039999999999
0.764484
0.7473339999999999
0.756694
0.742702
0.7428040000000001
0.7612300000000001
0.7535440000000001
0.7670859999999999
0.723726
0.7431660000000001
0.756048
0.746092
0.7668380000000001
0.7298979999999999
0.742968
0.753706
0.7475
0.7495479999999999
0.769652
0.7411519999999999
0.752652
0.7413400000000001
0.7557159999999999
0.7581819999999999
0.718496
0.727964
0.729216
0.7358079999999999
0.755272
0.7523420000000001
