0.584836
0.609216
0.5
0.633948
0.6640560000000001
0.5
0.6289980000000001
0.5
0.6222740000000001
0.6123099999999999
0.666772
0.61852
0.572788
0.58829
0.580454
0.6533599999999999
0.5908340000000001
0.618426
0.598892
0.698824
0.648142
0.6665840000000001
0.7041400000000001
0.647494
0.675678
0.67526
0.631548
0.607936
0.6803699999999999
0.60266
0.6277999999999999
0.695212
0.663848
0.5
0.698968
0.685136
0.6464059999999999
0.594666
0.6261019999999999
0.683428
0.640238
0.715088
0.701064
0.5
0.6601540000000001
0.6494019999999999
0.6420840000000001
0.657452
0.72533
0.6480699999999999
0.6616620000000001
0.6905299999999999
0.717534
0.665806
0.7263539999999999
0.659456
0.7163160000000001
0.660596
0.6582279999999999
0.6322979999999999
0.65301
0.684164
0.6166639999999999
0.668814
0.7069900000000001
0.638188
0.723928
0.697544
0.663474
0.6645460000000001
0.703024
0.629502
0.647486
0.604748
0.57772
0.636926
0.6251840000000001
0.7187439999999999
0.570168
0.606106
0.6255120000000001
0.6651819999999999
0.5689379999999999
0.618028
0.585398
0.533652
0.575886
0.677044
0.6656620000000001
0.6739959999999999
0.6450480000000001
0.6063860000000001
0.6167320000000001
0.7090040000000001
0.607182
0.60963
0.662568
0.600528
0.6268320000000001
0.6367160000000001
