0.5
0.590776
0.5
0.5
0.5
0.5
0.5
0.597344
0.5
0.577782
0.5
0.5
0.5
0.57767
0.600688
0.5
0.5
0.5
0.540154
0.5
0.5
0.573328
0.5
0.5
0.59368
0.5228799999999999
0.5
0.5
0.566498
0.467552
0.5
0.5
0.577274
0.52765
0.5
0.616816
0.555168
0.616476
0.5
0.5
0.50627
0.49432200000000004
0.608274
0.594492
0.5
0.5
0.5
0.5
0.5
0.603492
0.513602
0.508814
0.577444
0.5
0.49232600000000004
0.560824
0.5
0.44721
0.5
0.5
0.5
0.5
0.5
0.50197
0.557938
0.548234
0.5
0.5
0.5
0.5
0.5
0.5
0.49438800000000005
0.5085459999999999
0.5
0.5
0.4479
0.5
0.516448
0.5
0.531362
0.5984259999999999
0.53492
0.5
0.5
0.5
0.5
0.5
0.5
0.49968199999999996
0.561354
0.5
0.5
0.5
0.547128
0.558044
0.5
0.55299
0.5
0.48729
