0.5707260000000001
0.65568
0.6564300000000001
0.61931
0.674232
0.676372
0.6686300000000001
0.6219979999999999
0.6169020000000001
0.636556
0.66385
0.601532
0.62002
0.65951
0.583496
0.651742
0.6127819999999999
0.64884
0.61512
0.549256
0.6244240000000001
0.5967
0.60388
0.6430060000000001
0.62417
0.6462540000000001
0.586716
0.616144
0.613674
0.6395540000000001
0.6328619999999999
0.626248
0.5826079999999999
0.616382
0.636638
0.62054
0.644248
0.6058560000000001
0.5834459999999999
0.593768
0.60867
0.608678
0.6168960000000001
0.6218220000000001
0.605396
0.6220019999999999
0.5834379999999999
0.6166739999999999
0.623082
0.610572
0.613664
0.602972
0.641928
0.572344
0.617792
0.6092279999999999
0.599436
0.5800519999999999
0.581682
0.6004740000000001
0.583406
0.6444460000000001
0.585534
0.631506
0.6007699999999999
0.643748
0.61152
0.617404
0.6123080000000001
0.633944
0.602366
0.6084099999999999
0.6712239999999999
0.629
0.6364000000000001
0.589182
0.579836
0.6095740000000001
0.611918
0.6194700000000001
0.644904
0.590624
0.6192820000000001
0.62923
0.5706159999999999
0.631162
0.610202
0.635096
0.600664
0.591398
0.6416820000000001
0.5969899999999999
0.6450720000000001
0.6319520000000001
0.664412
0.6613600000000001
0.6315900000000001
0.621992
0.629746
0.6247739999999999
