0.579542
0.6062379999999999
0.578934
0.59651
0.623328
0.546756
0.6017520000000001
0.6703539999999999
0.629656
0.591706
0.5938840000000001
0.6454679999999999
0.652566
0.648522
0.57473
0.6559200000000001
0.6747340000000001
0.6586080000000001
0.5508620000000001
0.560086
0.665584
0.600632
0.638662
0.597018
0.542198
0.6554580000000001
0.65287
0.589744
0.582254
0.596374
0.656162
0.649838
0.6648339999999999
0.584534
0.600148
0.570192
0.582854
0.635354
0.634346
0.65013
0.595208
0.645434
0.659526
0.5851679999999999
0.628154
0.5852740000000001
0.644736
0.653734
0.662574
0.64523
0.639736
0.58334
0.666582
0.6610339999999999
0.587238
0.5705659999999999
0.6463300000000001
0.5896440000000001
0.658292
0.670892
0.586626
0.6488860000000001
0.644294
0.574256
0.5800719999999999
0.6298339999999999
0.575934
0.605806
0.594276
0.664238
0.636782
0.545164
0.6226
0.6598120000000001
0.62234
0.5792900000000001
0.579572
0.595236
0.652924
0.5898800000000001
0.6114480000000001
0.572946
0.5875819999999999
0.585762
0.588834
0.59528
0.573516
0.6299399999999999
0.6338940000000001
0.621244
0.6612019999999998
0.5646340000000001
0.6294239999999999
0.5602560000000001
0.656886
0.5960779999999999
0.57419
0.626366
0.5837899999999999
0.6559079999999999
