0.6109140000000001
0.5889139999999999
0.658736
0.6456039999999998
0.658874
0.626272
0.651366
0.592916
0.571742
0.6358159999999999
0.58049
0.6576759999999999
0.536696
0.55586
0.645254
0.5885
0.619136
0.639736
0.6144419999999999
0.600554
0.565328
0.631512
0.647346
0.6388699999999999
0.63263
0.6209760000000001
0.62279
0.606882
0.638992
0.623244
0.6193359999999999
0.661232
0.6132920000000001
0.6460759999999999
0.644954
0.664718
0.6429879999999999
0.5976760000000001
0.672474
0.6189699999999999
0.589854
0.611946
0.6363439999999999
0.6384740000000001
0.636216
0.595426
0.6418980000000001
0.6433180000000001
0.66084
0.644334
0.65074
0.613942
0.610928
0.666436
0.642412
0.61616
0.625486
0.645038
0.5939220000000001
0.632076
0.628076
0.656292
0.633172
0.6207820000000001
0.586016
0.61202
0.639254
0.656058
0.6382439999999999
0.6199539999999999
0.608458
0.662542
0.627676
0.649882
0.606862
0.616938
0.604576
0.613838
0.6912359999999999
0.6016440000000001
0.635888
0.64045
0.6489240000000001
0.6413239999999999
0.6055559999999999
0.65602
0.6543439999999999
0.622062
0.6263839999999999
0.652376
0.622698
0.6500360000000001
0.62166
0.6098619999999999
0.6603519999999999
0.623794
0.651274
0.648562
0.618664
0.630286
