0.612586
0.581828
0.62034
0.643062
0.589262
0.666686
0.6318739999999999
0.6564859999999999
0.670836
0.6686639999999999
0.659022
0.6144320000000001
0.6569539999999998
0.630718
0.6940099999999999
0.6014060000000001
0.676342
0.68697
0.6826639999999999
0.678462
0.7493380000000001
0.74981
0.707498
0.675074
0.67359
0.713472
0.703262
0.725242
0.654096
0.7269240000000001
0.686826
0.698088
0.72958
0.700936
0.700952
0.710558
0.678946
0.7367960000000001
0.7250620000000001
0.715886
0.750378
0.7628579999999999
0.73181
0.728774
0.7286140000000001
0.7501840000000001
0.72127
0.739274
0.703582
0.718712
0.67787
0.7424120000000001
0.7601140000000001
0.73833
0.7210860000000001
0.71422
0.721348
0.725348
0.7319140000000001
0.74902
0.7141639999999999
0.7706400000000001
0.706442
0.701498
0.712616
0.697474
0.7098260000000001
0.69845
0.727004
0.7010360000000001
0.724486
0.7416539999999999
0.7103379999999999
0.701068
0.7308640000000001
0.7089920000000001
0.721662
0.728448
0.708994
0.71494
0.757486
0.7492160000000001
0.705166
0.710514
0.718158
0.736472
0.7281479999999999
0.727062
0.7086739999999999
0.6896319999999999
0.722076
0.7170340000000001
0.743708
0.749378
0.683346
0.719662
0.724674
0.7524179999999999
0.700898
0.724468
