0.631062
0.5
0.5
0.61097
0.5
0.6735159999999999
0.601286
0.5
0.639438
0.5
0.5
0.5719860000000001
0.6106019999999999
0.642154
0.626098
0.5598
0.675538
0.5
0.6125079999999999
0.5
0.5
0.5
0.6719660000000001
0.630284
0.635688
0.65669
0.6411619999999999
0.64106
0.6564880000000001
0.679198
0.6366139999999999
0.601484
0.5881339999999999
0.644624
0.5948559999999999
0.617506
0.686978
0.626836
0.598538
0.6615840000000001
0.66733
0.7056279999999999
0.6044619999999999
0.6783399999999999
0.68312
0.631736
0.679268
0.65259
0.690866
0.701906
0.6979639999999999
0.624752
0.676674
0.618626
0.622624
0.64564
0.6945079999999999
0.7042940000000001
0.71424
0.644558
0.716602
0.641866
0.6236579999999999
0.6845760000000001
0.69476
0.62585
0.662446
0.6523659999999999
0.6770919999999999
0.587812
0.66478
0.6349760000000001
0.610792
0.682034
0.642244
0.647332
0.646046
0.71802
0.5
0.602762
0.604856
0.6969259999999999
0.672926
0.6295519999999999
0.6470819999999999
0.60746
0.6689160000000001
0.682068
0.666072
0.570872
0.6246659999999999
0.622198
0.6562380000000001
0.629838
0.672246
0.71723
0.6771159999999999
0.6379520000000001
0.6938259999999999
0.6433599999999999
