0.5516540000000001
0.593324
0.6541020000000001
0.629078
0.569328
0.6695099999999999
0.660876
0.618202
0.67172
0.676668
0.603954
0.592466
0.681222
0.625234
0.70382
0.661304
0.706562
0.661348
0.709548
0.724218
0.6804899999999999
0.748782
0.680566
0.7409439999999999
0.6542060000000001
0.6723459999999999
0.676438
0.7126460000000001
0.715996
0.7052200000000001
0.7123799999999999
0.7130899999999999
0.7542399999999999
0.6952599999999999
0.690298
0.7031040000000001
0.725378
0.742642
0.7634259999999999
0.716422
0.6611760000000001
0.7583680000000002
0.738386
0.727264
0.756856
0.7033780000000001
0.752646
0.734718
0.716022
0.7304999999999999
0.7251960000000001
0.749746
0.692876
0.7185399999999998
0.7464879999999999
0.741478
0.767494
0.7505199999999999
0.7621720000000001
0.769316
0.7494799999999999
0.735566
0.7506200000000001
0.767848
0.738806
0.7478279999999999
0.6597979999999999
0.705266
0.7544899999999999
0.760742
0.7607480000000001
0.7282160000000001
0.7441139999999999
0.7470180000000001
0.745712
0.77083
0.7048559999999999
0.732782
0.7030580000000001
0.767004
0.71854
0.754424
0.751732
0.7213500000000002
0.717994
0.735106
0.787268
0.708646
0.7324820000000001
0.751942
0.745872
0.735766
0.77489
0.7472939999999999
0.768452
0.7179099999999999
0.76069
0.725738
0.7433219999999999
0.73734
