0.580834
0.5
0.6053759999999999
0.5
0.576388
0.614592
0.627536
0.654224
0.635186
0.6022839999999999
0.5971139999999999
0.676772
0.645876
0.6581020000000001
0.697464
0.6233259999999999
0.650092
0.6660780000000001
0.715042
0.6895939999999999
0.6552979999999999
0.608016
0.6784720000000001
0.6733
0.6730980000000001
0.608478
0.701352
0.657088
0.649792
0.644252
0.665732
0.5720379999999999
0.690784
0.609882
0.611882
0.65846
0.717394
0.6841379999999999
0.6865219999999999
0.674524
0.650914
0.7100839999999999
0.675538
0.6648740000000001
0.6702779999999999
0.619726
0.673676
0.7239040000000001
0.697912
0.6436980000000001
0.689784
0.66212
0.6971120000000001
0.6599240000000001
0.647872
0.661474
0.648266
0.737316
0.70005
0.636764
0.6565099999999999
0.660066
0.711434
0.6811240000000001
0.658928
0.668434
0.6242679999999999
0.627562
0.67246
0.6584559999999999
0.607594
0.6606
0.679638
0.660276
0.658866
0.6140359999999999
0.6670920000000001
0.672782
0.655954
0.651462
0.64714
0.611926
0.67296
0.633626
0.66393
0.690146
0.655994
0.70336
0.6477520000000001
0.628636
0.6523100000000001
0.667054
0.67457
0.6045340000000001
0.6504639999999999
0.631058
0.6411540000000001
0.608958
0.6501520000000001
0.662248
