0.623122
0.618576
0.590604
0.62598
0.66622
0.626248
0.619142
0.684604
0.6843699999999999
0.632576
0.652524
0.6644199999999999
0.6684780000000001
0.67974
0.670856
0.6485820000000001
0.6720560000000001
0.6750799999999999
0.6748980000000001
0.67933
0.664098
0.6876820000000001
0.6903959999999999
0.714128
0.6943620000000001
0.631274
0.630118
0.701118
0.735198
0.663616
0.714854
0.7082919999999999
0.746794
0.758254
0.731688
0.727624
0.679384
0.6714479999999999
0.7636799999999999
0.716528
0.7475899999999999
0.73071
0.727994
0.737966
0.730662
0.730178
0.753298
0.6858360000000001
0.7380680000000001
0.713128
0.735418
0.7533880000000001
0.729324
0.7437360000000001
0.7136400000000002
0.7510640000000001
0.746412
0.743396
0.73491
0.71404
0.756582
0.712158
0.739372
0.710998
0.7529359999999999
0.760064
0.758426
0.7408919999999999
0.7481180000000001
0.753294
0.7757539999999999
0.763452
0.726388
0.7294660000000001
0.7168579999999999
0.7234060000000001
0.749228
0.735074
0.743808
0.77014
0.685554
0.732436
0.757698
0.744032
0.74542
0.7523299999999999
0.735644
0.757812
0.743872
0.749536
0.751354
0.751706
0.75016
0.750688
0.709552
0.7428440000000001
0.757682
0.7346699999999999
0.745124
0.7425140000000001
