0.6046619999999999
0.5899840000000001
0.642398
0.647064
0.588904
0.616968
0.635734
0.658748
0.6493540000000001
0.627862
0.6663060000000001
0.609372
0.708964
0.66269
0.649914
0.638448
0.70771
0.6437039999999999
0.7081320000000001
0.7013119999999999
0.645812
0.701012
0.734786
0.7145340000000001
0.659844
0.742306
0.74609
0.6940660000000001
0.714912
0.7058700000000001
0.65299
0.677014
0.7063539999999999
0.73076
0.76067
0.670934
0.7424499999999999
0.732038
0.729672
0.7219040000000001
0.712386
0.743738
0.7408699999999999
0.7455860000000001
0.741704
0.7491639999999999
0.73259
0.715774
0.6871179999999999
0.753532
0.745048
0.7145460000000001
0.7604179999999999
0.75984
0.7291799999999999
0.7719860000000001
0.7467020000000001
0.7527380000000001
0.765376
0.780754
0.750914
0.7440399999999999
0.74556
0.720016
0.748546
0.7481099999999999
0.732412
0.7168199999999999
0.7739500000000001
0.703276
0.7083740000000001
0.702232
0.747136
0.737922
0.7348180000000001
0.73364
0.708902
0.751178
0.750938
0.7328779999999999
0.727136
0.7201759999999999
0.73658
0.7581
0.7208700000000001
0.7170859999999999
0.763238
0.757862
0.747466
0.7514240000000001
0.701294
0.755578
0.75756
0.75413
0.7455839999999999
0.747506
0.754958
0.7458199999999999
0.7673899999999999
0.71729
