0.6331680000000001
0.649258
0.5
0.5
0.59768
0.5
0.5
0.6373580000000001
0.5
0.624216
0.6587759999999998
0.589062
0.6374200000000001
0.5896440000000001
0.5884100000000001
0.587086
0.6328999999999999
0.632134
0.646624
0.572768
0.660392
0.698906
0.66015
0.670884
0.65584
0.653344
0.67363
0.628616
0.66223
0.6788379999999999
0.645694
0.641462
0.6835360000000001
0.688826
0.72636
0.676736
0.657982
0.7011539999999998
0.679678
0.5
0.6791700000000002
0.6551919999999999
0.6911959999999999
0.698902
0.702164
0.712924
0.6760379999999999
0.6993599999999999
0.6749380000000001
0.7138100000000001
0.696304
0.7089799999999999
0.7018899999999999
0.706264
0.6244379999999999
0.6915560000000001
0.633182
0.72021
0.667614
0.669814
0.650906
0.6476459999999999
0.622962
0.7003739999999999
0.696948
0.6594059999999999
0.6644739999999999
0.674396
0.671888
0.69972
0.65134
0.6818500000000001
0.638268
0.639096
0.6242559999999999
0.696556
0.6273739999999999
0.6408079999999999
0.7022
0.642034
0.6966299999999999
0.7197600000000001
0.684808
0.67736
0.62227
0.5932499999999999
0.62821
0.6735819999999999
0.7146
0.6628419999999999
0.641408
0.694832
0.580714
0.6233839999999998
0.595738
0.6453679999999999
0.642548
0.61541
0.651638
0.649742
