0.6112839999999999
0.572584
0.61117
0.664054
0.632598
0.632158
0.664914
0.611124
0.61725
0.646168
0.59349
0.598978
0.61654
0.620902
0.587734
0.6475380000000001
0.645426
0.5927840000000001
0.657396
0.6122299999999999
0.6036879999999999
0.612004
0.58823
0.58609
0.6157580000000001
0.62209
0.602132
0.606872
0.632552
0.6263799999999999
0.6305
0.653782
0.6353
0.636606
0.6049019999999999
0.631472
0.6013219999999999
0.6424180000000002
0.654416
0.647222
0.63667
0.580968
0.5841919999999999
0.6348440000000001
0.629742
0.6539999999999999
0.604902
0.591728
0.628822
0.609914
0.626068
0.6118060000000001
0.625778
0.6119340000000001
0.6328379999999999
0.650332
0.575426
0.5979
0.6327940000000001
0.6114900000000001
0.609354
0.6134379999999999
0.60338
0.6435439999999999
0.624622
0.61768
0.63615
0.642622
0.622218
0.66859
0.6140059999999999
0.618372
0.625872
0.5785859999999999
0.626194
0.601472
0.57653
0.61395
0.615452
0.6041300000000001
0.63639
0.590898
0.632788
0.645634
0.62442
0.634384
0.670842
0.6574819999999999
0.656498
0.5998180000000001
0.6278900000000001
0.6324499999999998
0.6412659999999999
0.617588
0.630294
0.636008
0.639478
0.6667740000000001
0.619326
0.59548
