0.626706
0.616518
0.6317099999999999
0.570196
0.640608
0.53122
0.5
0.63157
0.5968899999999999
0.55126
0.583294
0.64781
0.6168039999999999
0.6036300000000001
0.508534
0.632228
0.6960520000000001
0.63936
0.553002
0.6369400000000001
0.6615719999999999
0.689144
0.63492
0.626972
0.659034
0.695618
0.652162
0.6257759999999999
0.669172
0.60457
0.7228
0.701082
0.674876
0.655706
0.7067019999999999
0.653456
0.6459659999999999
0.673126
0.713274
0.7105300000000001
0.653904
0.691064
0.666492
0.60446
0.66616
0.6525540000000001
0.691504
0.706812
0.731058
0.684992
0.721538
0.630302
0.700032
0.6361559999999999
0.6072259999999999
0.628844
0.6973980000000001
0.6568660000000001
0.709664
0.715136
0.6808860000000001
0.6796800000000001
0.681302
0.616606
0.635234
0.677722
0.643034
0.68962
0.6613100000000001
0.698216
0.714692
0.674588
0.70742
0.670786
0.7299220000000001
0.692202
0.654688
0.6525839999999999
0.67644
0.64158
0.7242
0.63078
0.6770339999999999
0.694736
0.6813939999999999
0.6595979999999999
0.632768
0.599916
0.696508
0.6710619999999999
0.6604540000000001
0.627354
0.67912
0.6493500000000001
0.6613399999999999
0.668196
0.66404
0.69791
0.659428
0.6963079999999999
