0.614832
0.5
0.588754
0.5947779999999999
0.598824
0.59772
0.5
0.622264
0.5
0.5
0.584778
0.646806
0.65078
0.674952
0.6118619999999999
0.69457
0.67435
0.6203380000000001
0.6110420000000001
0.632558
0.63051
0.6800600000000001
0.6866239999999999
0.65488
0.6358820000000001
0.690288
0.639528
0.639878
0.6701900000000002
0.6888159999999999
0.612382
0.59613
0.650348
0.6640039999999999
0.622082
0.6598099999999999
0.6589320000000001
0.622896
0.617
0.646676
0.6708860000000001
0.620464
0.6318499999999999
0.586414
0.613868
0.625938
0.611056
0.57254
0.6103319999999999
0.596996
0.636464
0.6011839999999999
0.6535700000000001
0.589188
0.64413
0.6156520000000001
0.6137219999999999
0.551422
0.634572
0.631046
0.5833140000000001
0.6270020000000001
0.5469700000000001
0.665554
0.6583939999999999
0.578154
0.6217480000000001
0.5406599999999999
0.593258
0.66457
0.5929080000000001
0.575328
0.605446
0.6103120000000001
0.590622
0.645088
0.605254
0.616198
0.6584300000000001
0.625248
0.625444
0.661366
0.6038840000000001
0.652704
0.643024
0.554046
0.569622
0.627386
0.5982999999999999
0.6167480000000001
0.622964
0.597614
0.5899880000000001
0.57943
0.6391519999999999
0.596126
0.5797800000000001
0.619994
0.6637179999999999
0.649502
