0.6077840000000001
0.670416
0.634586
0.677038
0.679784
0.681184
0.6209439999999999
0.656218
0.6386959999999999
0.649156
0.63703
0.663192
0.6550919999999999
0.670486
0.64981
0.674874
0.6627339999999999
0.691746
0.685242
0.6798899999999999
0.689036
0.694068
0.694552
0.7138319999999999
0.699288
0.7141179999999999
0.717342
0.699082
0.6882199999999999
0.7121820000000001
0.70287
0.7025159999999999
0.711508
0.737022
0.7264940000000001
0.742578
0.7095119999999999
0.7228579999999999
0.7251179999999999
0.7444580000000001
0.7278420000000001
0.719158
0.7397699999999999
0.7414459999999999
0.6999620000000001
0.742024
0.721254
0.740138
0.741266
0.750518
0.71854
0.721964
0.719472
0.7362660000000001
0.731118
0.76856
0.7782720000000001
0.7616499999999999
0.746484
0.744474
0.7352080000000001
0.736286
0.6974899999999999
0.742148
0.767418
0.75214
0.7325999999999999
0.7484780000000001
0.7606639999999999
0.738136
0.74858
0.756284
0.7538659999999998
0.7564919999999999
0.7540719999999999
0.741332
0.7657700000000001
0.7385639999999999
0.75147
0.750308
0.737142
0.7519579999999999
0.7534819999999999
0.740248
0.749258
0.7370139999999998
0.7508039999999999
0.752022
0.755896
0.7322879999999999
0.750418
0.7429439999999999
0.7635120000000001
0.7106580000000001
0.742806
0.75474
0.76044
0.7261620000000001
0.753596
0.7362420000000001
