0.565084
0.5554619999999999
0.53417
0.5925659999999999
0.542328
0.56643
0.54691
0.5714459999999999
0.556164
0.561518
0.59338
0.557848
0.614164
0.575202
0.591994
0.556934
0.563948
0.5713440000000001
0.585854
0.562326
0.584596
0.5968720000000001
0.583382
0.5960559999999999
0.59566
0.588944
0.6035159999999999
0.557982
0.6117940000000001
0.610832
0.6271639999999999
0.602448
0.6517499999999999
0.6145579999999999
0.661716
0.608924
0.662764
0.5924619999999999
0.6573659999999999
0.589538
0.620892
0.6195039999999999
0.6729959999999999
0.605804
0.6515599999999999
0.61588
0.671798
0.647092
0.659498
0.628708
0.675016
0.64598
0.64833
0.6565740000000001
0.6785079999999999
0.64018
0.675424
0.643922
0.686076
0.649732
0.669612
0.6583559999999999
0.66831
0.6484279999999999
0.6744620000000001
0.6621980000000001
0.6707619999999999
0.6343759999999999
0.6653439999999999
0.653188
0.657016
0.664962
0.6677780000000001
0.63872
0.66678
0.637986
0.6672359999999999
0.6276619999999999
0.658596
0.656806
0.66327
0.624436
0.67049
0.676882
0.6249999999999999
0.6304240000000001
0.651266
0.640828
0.663588
0.6502979999999999
0.665836
0.676654
0.6972019999999999
0.6369
0.6430220000000001
0.6365019999999999
0.6828500000000001
0.66339
0.6698979999999999
0.6338520000000001
