0.541902
0.6048100000000001
0.622336
0.582354
0.621556
0.65276
0.6499619999999999
0.667722
0.68966
0.6718079999999998
0.653902
0.6849939999999999
0.6777719999999999
0.643574
0.718416
0.742934
0.730452
0.7129599999999999
0.729758
0.7212320000000001
0.6965199999999999
0.7253759999999999
0.726716
0.7100420000000001
0.747746
0.74604
0.7197919999999999
0.7315119999999999
0.7179220000000001
0.757274
0.7585719999999999
0.740122
0.72653
0.75036
0.732358
0.76698
0.7528199999999999
0.76759
0.7538779999999999
0.70079
0.755698
0.75643
0.740654
0.75273
0.738206
0.768612
0.747512
0.764932
0.7366099999999999
0.766532
0.73076
0.739612
0.758876
0.703624
0.751164
0.733676
0.7151139999999999
0.742456
0.717198
0.738622
0.763296
0.730404
0.751598
0.741878
0.7390199999999999
0.734308
0.7272339999999999
0.7168439999999999
0.7496539999999999
0.7328939999999999
0.76018
0.739462
0.7455200000000001
0.74407
0.761008
0.757808
0.723014
0.745056
0.7637200000000001
0.744952
0.729546
0.737004
0.750356
0.738754
0.742648
0.747574
0.736482
0.741208
0.704048
0.7221139999999999
0.725836
0.735386
0.735772
0.742872
0.731224
0.717054
0.7266720000000001
0.76508
0.723472
0.7699360000000001
