0.604282
0.656056
0.6554580000000001
0.672576
0.591858
0.6401040000000001
0.672618
0.654836
0.608996
0.641056
0.65774
0.6711860000000001
0.648514
0.6823940000000001
0.651668
0.660754
0.697552
0.6779379999999999
0.6744359999999999
0.692038
0.68236
0.666246
0.65666
0.68639
0.678386
0.6758419999999999
0.7089099999999999
0.697356
0.718858
0.6799219999999999
0.71579
0.724464
0.6959700000000001
0.7219860000000001
0.6931560000000001
0.6906
0.719708
0.732036
0.7091219999999999
0.73404
0.703484
0.7266140000000001
0.736012
0.7410019999999999
0.656332
0.741792
0.6950060000000001
0.7501119999999999
0.746038
0.740798
0.7452080000000001
0.7378979999999999
0.741414
0.734862
0.70648
0.701322
0.724544
0.72654
0.735402
0.7393539999999998
0.753504
0.7155400000000001
0.738832
0.7090439999999999
0.7047599999999999
0.740842
0.730118
0.7383
0.7373940000000001
0.745036
0.7246199999999999
0.73974
0.7584019999999999
0.749982
0.7503460000000001
0.726416
0.732718
0.73202
0.761492
0.74873
0.741278
0.734694
0.739668
0.74761
0.7298099999999998
0.754338
0.745852
0.742708
0.7496879999999999
0.7312599999999999
0.729162
0.737344
0.770378
0.747128
0.73457
0.720122
0.729472
0.7471399999999999
0.722384
0.7229580000000001
