0.60945
0.5
0.624966
0.6207
0.61422
0.5
0.563592
0.6177199999999999
0.659702
0.603668
0.65957
0.630964
0.6745859999999999
0.622994
0.624612
0.627888
0.6722780000000002
0.572874
0.5
0.594054
0.64413
0.686166
0.5
0.647704
0.594718
0.6377919999999999
0.6074820000000001
0.6912020000000001
0.6701980000000001
0.696942
0.6950000000000001
0.680824
0.6931940000000001
0.618676
0.701446
0.6925479999999999
0.6695059999999999
0.689462
0.689464
0.6979120000000001
0.7036119999999999
0.6478379999999999
0.5
0.661102
0.716592
0.708746
0.615068
0.636928
0.690758
0.66528
0.7000759999999999
0.68815
0.644982
0.6989839999999999
0.6846960000000001
0.738286
0.7310559999999999
0.70152
0.6818239999999999
0.665028
0.71635
0.712176
0.6667460000000001
0.6702699999999999
0.7148300000000001
0.681114
0.5958220000000001
0.7126319999999999
0.715916
0.633248
0.6942379999999999
0.687022
0.6497
0.6665300000000001
0.696178
0.662552
0.6813680000000001
0.646994
0.697482
0.729252
0.667926
0.712916
0.672108
0.637176
0.694254
0.582326
0.697248
0.7231500000000001
0.68847
0.680808
0.6873200000000002
0.645342
0.648668
0.651334
0.637974
0.670358
0.6762439999999998
0.714328
0.663848
0.694752
