0.57636
0.6242599999999999
0.5
0.5
0.5
0.641118
0.6196139999999999
0.5
0.635344
0.5791919999999999
0.5
0.619798
0.593486
0.639316
0.683142
0.623966
0.6475639999999999
0.5
0.603898
0.653362
0.665174
0.678558
0.65196
0.587322
0.68754
0.5
0.620518
0.621672
0.695768
0.601382
0.6156860000000001
0.7143499999999999
0.605716
0.631942
0.6595
0.635424
0.630714
0.677244
0.683528
0.659948
0.699382
0.671496
0.6854060000000001
0.701926
0.6383939999999999
0.669274
0.678736
0.665434
0.69312
0.5
0.6524340000000001
0.675624
0.6543619999999999
0.688354
0.675656
0.703876
0.652432
0.588242
0.6913659999999999
0.671964
0.72029
0.659416
0.6656500000000001
0.6282540000000001
0.5980359999999999
0.673314
0.672698
0.6691320000000001
0.5847519999999999
0.6832720000000001
0.6575019999999999
0.683002
0.656934
0.618724
0.6848920000000001
0.6139939999999999
0.6346820000000001
0.65377
0.65569
0.688334
0.6643720000000001
0.646466
0.677814
0.62119
0.674244
0.621382
0.623886
0.646376
0.654212
0.6364160000000001
0.666588
0.6266220000000001
0.58003
0.605332
0.619064
0.681
0.676272
0.6523059999999999
0.6798659999999999
0.630696
