0.557588
0.5519700000000001
0.560468
0.56837
0.572958
0.5645199999999999
0.5703860000000001
0.563034
0.560228
0.5733579999999999
0.543144
0.59782
0.578368
0.58229
0.588604
0.564038
0.606662
0.5921960000000001
0.586486
0.56823
0.603222
0.60865
0.591784
0.571062
0.61397
0.639594
0.5945999999999999
0.61015
0.6067
0.632492
0.6476120000000001
0.601038
0.613784
0.59864
0.616574
0.62668
0.625908
0.6185140000000001
0.628274
0.6101340000000001
0.635002
0.6271659999999999
0.6165200000000001
0.623846
0.6545719999999999
0.620758
0.6489600000000001
0.637732
0.6295280000000001
0.609614
0.6350720000000001
0.6598160000000001
0.6631480000000001
0.60715
0.630716
0.624914
0.617776
0.647752
0.634048
0.64377
0.638324
0.666774
0.61741
0.65039
0.6609959999999999
0.6494139999999999
0.6294700000000001
0.6485319999999999
0.6328520000000001
0.645314
0.662362
0.639766
0.66981
0.6405519999999999
0.622296
0.64978
0.6768580000000001
0.6563300000000001
0.6468220000000001
0.6636259999999999
0.652594
0.64072
0.665226
0.689732
0.646804
0.67239
0.6543059999999999
0.6536599999999999
0.657934
0.671168
0.670678
0.661326
0.638996
0.6473840000000001
0.662184
0.633194
0.655322
0.6654599999999999
0.667988
0.62053
