0.6447539999999999
0.6255339999999999
0.63872
0.616592
0.6742459999999999
0.660186
0.6207579999999999
0.5790420000000001
0.672728
0.67323
0.637466
0.59521
0.6369459999999999
0.645388
0.642424
0.655824
0.697392
0.639754
0.6999259999999999
0.6826199999999999
0.687794
0.6773459999999999
0.6536799999999999
0.68694
0.653644
0.6940399999999999
0.7110879999999999
0.705902
0.70553
0.646618
0.731264
0.6873219999999999
0.7174740000000001
0.699036
0.683358
0.708506
0.705596
0.651984
0.704492
0.696738
0.694204
0.715052
0.7107180000000001
0.702836
0.686558
0.6899160000000001
0.699098
0.70466
0.730332
0.6793640000000001
0.7126319999999999
0.7003199999999999
0.728074
0.733976
0.721106
0.715772
0.723054
0.710996
0.7076299999999999
0.742298
0.718912
0.7278479999999999
0.6697660000000001
0.695538
0.682238
0.723364
0.672836
0.729354
0.738618
0.7135560000000001
0.705276
0.741984
0.735614
0.7030239999999999
0.733992
0.72294
0.6929399999999999
0.7444599999999999
0.717466
0.730326
0.712232
0.749474
0.724368
0.734104
0.71344
0.742566
0.713186
0.7483700000000001
0.6764380000000001
0.740248
0.733434
0.720222
0.744138
0.7144159999999999
0.7235079999999999
0.7227579999999999
0.7098359999999999
0.693284
0.738768
0.6981
