0.524038
0.5576359999999999
0.671988
0.66234
0.566204
0.628452
0.611702
0.651566
0.611272
0.627834
0.614692
0.5966419999999999
0.652198
0.5930040000000001
0.6982360000000001
0.609854
0.648866
0.635356
0.605906
0.61927
0.677286
0.633574
0.640346
0.580054
0.56556
0.634396
0.5748219999999999
0.6433760000000001
0.585024
0.632
0.603054
0.585626
0.629042
0.524772
0.584468
0.6124620000000001
0.5879220000000001
0.551276
0.628358
0.5583480000000001
0.5485
0.6176740000000001
0.6087819999999999
0.5662720000000001
0.6132
0.597356
0.584236
0.6013959999999999
0.5724720000000001
0.552586
0.62304
0.5664899999999999
0.548018
0.592046
0.6172139999999999
0.5791580000000001
0.5676279999999999
0.5846819999999999
0.588336
0.580064
0.58019
0.544348
0.585322
0.580492
0.5869340000000001
0.549534
0.5773539999999999
0.5501619999999999
0.581438
0.579074
0.5866580000000001
0.565982
0.556672
0.566594
0.576376
0.496854
0.5438820000000001
0.6052839999999999
0.49419
0.5474559999999999
0.5806739999999999
0.49570800000000004
0.5246540000000001
0.6185780000000001
0.58652
0.576304
0.5338959999999999
0.56394
0.565126
0.565968
0.5824579999999999
0.535652
0.5459459999999999
0.5856840000000001
0.563006
0.526442
0.52471
0.522886
0.4849
0.55004
