0.576816
0.6308520000000001
0.668952
0.5
0.6247999999999999
0.5
0.62118
0.5510520000000001
0.6167079999999999
0.6588120000000001
0.608814
0.59724
0.671928
0.596368
0.6390600000000001
0.58476
0.5
0.65538
0.6484460000000001
0.6460559999999999
0.6187779999999999
0.640334
0.6957960000000001
0.6872940000000001
0.694266
0.662362
0.7009879999999999
0.6296300000000001
0.6603819999999999
0.6177600000000001
0.647226
0.6651239999999998
0.6815640000000001
0.655226
0.659706
0.66215
0.673498
0.63535
0.65026
0.6446959999999999
0.655396
0.6857080000000001
0.663842
0.661322
0.697474
0.676562
0.647448
0.6285219999999999
0.669098
0.67918
0.686936
0.65593
0.66103
0.670424
0.6563680000000001
0.68538
0.683866
0.632242
0.7022120000000001
0.654796
0.63822
0.670704
0.658426
0.68548
0.636326
0.66826
0.6531319999999999
0.674242
0.657386
0.681016
0.6724859999999999
0.675504
0.6587419999999999
0.67457
0.6700740000000001
0.704514
0.6235660000000001
0.670068
0.659204
0.608916
0.6806860000000001
0.6247159999999999
0.6384059999999999
0.6380619999999999
0.67333
0.60588
0.669346
0.676196
0.640532
0.6607820000000001
0.58294
0.666928
0.683196
0.65679
0.676358
0.6799040000000001
0.644458
0.6864200000000001
0.660334
0.648192
