0.60706
0.6651459999999999
0.637562
0.662682
0.6639740000000001
0.6760480000000001
0.6589160000000001
0.644766
0.6516
0.665172
0.6418859999999998
0.639134
0.6676659999999999
0.668594
0.664206
0.626578
0.647504
0.682134
0.674154
0.682692
0.7142959999999999
0.7034
0.71336
0.6994319999999998
0.721432
0.71799
0.716978
0.666372
0.700798
0.721752
0.712288
0.724032
0.7176419999999999
0.7144860000000001
0.720422
0.726334
0.736916
0.704606
0.740102
0.757498
0.759474
0.713328
0.7394660000000001
0.7497339999999999
0.733206
0.7594599999999999
0.75347
0.751614
0.762006
0.7450699999999999
0.744612
0.73061
0.7340680000000002
0.7583919999999998
0.7347940000000001
0.74056
0.7311719999999999
0.7491979999999999
0.7635799999999999
0.7263620000000001
0.764904
0.754872
0.7575199999999999
0.7598480000000001
0.7543499999999999
0.722634
0.717502
0.722848
0.7338019999999998
0.769062
0.738314
0.7149540000000001
0.737044
0.755476
0.756118
0.745972
0.746114
0.7428079999999999
0.728562
0.7532059999999999
0.7371439999999999
0.71408
0.767654
0.769834
0.724986
0.731936
0.7428779999999999
0.747672
0.744724
0.74105
0.756744
0.744022
0.74228
0.7454979999999999
0.760538
0.7547140000000001
0.761856
0.7482439999999999
0.7427480000000001
0.752032
