0.552112
0.609514
0.619374
0.64801
0.6324
0.635364
0.640092
0.621124
0.675672
0.618176
0.605862
0.6127900000000001
0.591088
0.651248
0.628058
0.601354
0.636762
0.623502
0.6232880000000001
0.626932
0.66689
0.59009
0.588892
0.6536219999999999
0.6077680000000001
0.629362
0.624716
0.6346940000000001
0.5866439999999999
0.624622
0.57761
0.648502
0.623342
0.621988
0.6352279999999999
0.6410980000000001
0.633074
0.592068
0.6368520000000001
0.630214
0.62805
0.627962
0.613178
0.6288779999999999
0.610682
0.579452
0.606838
0.6317919999999999
0.654232
0.5945339999999999
0.612606
0.605992
0.602292
0.645942
0.619104
0.6395739999999999
0.61239
0.606948
0.614738
0.6406160000000001
0.650272
0.596474
0.593972
0.641986
0.603698
0.617878
0.625172
0.636612
0.649558
0.5870280000000001
0.627988
0.614758
0.638792
0.61887
0.600744
0.616004
0.629232
0.6234599999999999
0.6251559999999999
0.6233299999999999
0.623122
0.5805939999999999
0.585096
0.590446
0.5852160000000001
0.659854
0.660848
0.6362320000000001
0.647722
0.6292499999999999
0.631094
0.6303380000000001
0.6497719999999999
0.6412340000000001
0.65846
0.6359980000000001
0.612182
0.6049599999999999
0.625904
0.6490060000000001
