0.5776
0.560546
0.5622739999999999
0.549876
0.5675119999999999
0.5488
0.5614480000000001
0.5511
0.562626
0.569608
0.5486260000000001
0.587824
0.592438
0.5984379999999999
0.61942
0.611192
0.59921
0.60326
0.5992719999999999
0.580924
0.58972
0.6114700000000001
0.59541
0.5908260000000001
0.60928
0.635034
0.619206
0.621802
0.61308
0.611778
0.6342859999999999
0.6197339999999999
0.619904
0.6194800000000001
0.644874
0.624134
0.5969800000000001
0.6133279999999999
0.634704
0.62344
0.6276619999999999
0.6443479999999999
0.6319079999999999
0.64469
0.664876
0.637978
0.64937
0.629862
0.6539320000000001
0.624208
0.6604800000000001
0.6772659999999999
0.637404
0.62914
0.634626
0.651554
0.626994
0.674736
0.638486
0.658218
0.624204
0.655614
0.6325620000000001
0.661088
0.63848
0.649282
0.642302
0.661818
0.616738
0.67283
0.6396059999999999
0.6575820000000001
0.6651559999999999
0.6534260000000001
0.6433460000000001
0.64479
0.6617460000000001
0.6523300000000001
0.6561319999999999
0.655846
0.637706
0.6295759999999999
0.6683
0.660936
0.65221
0.66472
0.647838
0.679672
0.6745559999999999
0.64812
0.6592899999999999
0.67495
0.663986
0.6375320000000001
0.661422
0.6689240000000001
0.6681279999999999
0.648124
0.6487
0.654528
