0.595548
0.639172
0.639598
0.607506
0.60454
0.681152
0.6321300000000001
0.6141019999999999
0.693054
0.664324
0.6370319999999999
0.5914020000000001
0.6468780000000001
0.6691680000000001
0.6321979999999999
0.648604
0.648282
0.66132
0.6848879999999999
0.673698
0.673168
0.6862640000000001
0.633914
0.659866
0.664646
0.7016179999999999
0.682786
0.659872
0.722032
0.71116
0.6707000000000001
0.72185
0.698712
0.691288
0.7145999999999999
0.7000060000000001
0.697478
0.669364
0.7161940000000001
0.716558
0.6959500000000001
0.647842
0.719902
0.7156579999999999
0.7433340000000002
0.67898
0.7290540000000001
0.6857
0.702762
0.7132499999999999
0.7175579999999999
0.7073539999999999
0.7234039999999999
0.743638
0.713658
0.741464
0.708798
0.716564
0.727148
0.7103339999999999
0.68887
0.695922
0.734886
0.7291259999999999
0.7293320000000001
0.732172
0.696362
0.7001620000000001
0.729108
0.7353559999999999
0.722212
0.72513
0.71948
0.74181
0.734248
0.729822
0.702828
0.728984
0.7155400000000001
0.695598
0.7317579999999999
0.72745
0.710416
0.724012
0.700982
0.712134
0.696328
0.719102
0.724546
0.725722
0.714488
0.6824020000000001
0.726982
0.682682
0.726172
0.733766
0.724052
0.7048559999999999
0.7038920000000001
0.7298279999999999
