0.6167699999999999
0.628686
0.6495059999999999
0.5823079999999999
0.630084
0.543272
0.5870380000000001
0.60213
0.5713999999999999
0.5851120000000001
0.5440320000000001
0.615414
0.6477439999999999
0.649624
0.5645439999999999
0.606998
0.6537240000000001
0.615372
0.571142
0.601386
0.657678
0.60225
0.6637
0.633124
0.5960620000000001
0.66821
0.671096
0.6210539999999999
0.6198239999999999
0.57282
0.6802699999999999
0.6897899999999999
0.68147
0.61132
0.634104
0.5886480000000001
0.6136780000000001
0.6663379999999999
0.682678
0.6546780000000001
0.635156
0.6576580000000001
0.66759
0.603256
0.6673840000000001
0.633512
0.682092
0.6039540000000001
0.652544
0.6522640000000001
0.704152
0.605072
0.703534
0.650244
0.6820080000000001
0.666996
0.6584059999999999
0.604094
0.684122
0.673562
0.635326
0.6882259999999999
0.684396
0.6281
0.603912
0.6386280000000001
0.6655420000000001
0.611912
0.663308
0.617046
0.7039679999999999
0.630412
0.669272
0.682022
0.6892440000000001
0.6812560000000001
0.646972
0.6621300000000001
0.65394
0.560864
0.6909280000000002
0.626574
0.63971
0.681152
0.628234
0.656094
0.6498299999999999
0.655672
0.6688040000000001
0.655444
0.643188
0.580704
0.692306
0.631454
0.679976
0.6513220000000001
0.6429320000000001
0.6535619999999999
0.64455
0.63258
