10.079999923706055
9.710000038146973
9.40999984741211
9.550000190734863
9.9399995803833
9.880000114440918
10.300000190734863
10.050000190734863
9.829999923706055
9.59000015258789
9.6899995803833
9.970000267028809
9.90999984741211
10.029999732971191
10.100000381469727
9.699999809265137
10.149999618530273
9.850000381469727
10.729999542236328
10.890000343322754
10.899999618530273
10.970000267028809
10.920000076293945
11.15999984741211
10.479999542236328
11.229999542236328
11.289999961853027
11.210000038146973
11.069999694824219
10.579999923706055
9.989999771118164
9.899999618530273
9.6899995803833
9.760000228881836
9.720000267028809
10.149999618530273
10.239999771118164
10.5
9.979999542236328
10.319999694824219
10.3100004196167
10.210000038146973
10.15999984741211
10.119999885559082
10.300000190734863
10.069999694824219
9.949999809265137
10.130000114440918
10.029999732971191
10.119999885559082
10.010000228881836
10.029999732971191
9.979999542236328
9.890000343322754
9.579999923706055
9.119999885559082
9.520000457763672
9.880000114440918
9.470000267028809
9.829999923706055
9.0
9.539999961853027
9.720000267028809
9.210000038146973
7.800000190734863
8.359999656677246
8.720000267028809
8.289999961853027
8.319999694824219
8.569999694824219
8.199999809265137
7.849999904632568
7.489999771118164
7.820000171661377
8.229999542236328
7.960000038146973
8.180000305175781
7.889999866485596
7.820000171661377
8.180000305175781
9.029999732971191
8.970000267028809
9.199999809265137
9.279999732971191
8.319999694824219
8.420000076293945
7.840000152587891
8.020000457763672
8.170000076293945
7.96999979019165
8.479999542236328
8.369999885559082
8.510000228881836
8.84000015258789
8.59000015258789
8.569999694824219
8.119999885559082
8.180000305175781
8.979999542236328
9.25
