10.239999771118164
14.550000190734863
14.279999732971191
21.170000076293945
22.299999237060547
31.850000381469727
32.959999084472656
44.43000030517578
41.88999938964844
52.029998779296875
49.130001068115234
54.470001220703125
52.20000076293945
55.0
53.380001068115234
55.41999816894531
53.880001068115234
56.84000015258789
54.34000015258789
58.290000915527344
55.06999969482422
60.90999984741211
56.5
63.75
58.310001373291016
66.0199966430664
60.02000045776367
68.31999969482422
62.209999084472656
71.27999877929688
64.72000122070312
73.8499984741211
66.88999938964844
76.54000091552734
69.41999816894531
78.58999633789062
71.80999755859375
80.70999908447266
74.29000091552734
82.0999984741211
75.8499984741211
83.37999725341797
77.80999755859375
84.16000366210938
79.22000122070312
84.81999969482422
80.33000183105469
85.44000244140625
81.4800033569336
85.87999725341797
82.16999816894531
86.45999908447266
82.88999938964844
86.61000061035156
84.05999755859375
86.9800033569336
84.52999877929688
87.51000213623047
85.18000030517578
87.83999633789062
85.6500015258789
88.06999969482422
86.0199966430664
88.29000091552734
86.37999725341797
88.63999938964844
87.11000061035156
88.83000183105469
87.19000244140625
89.08000183105469
87.41999816894531
89.19999694824219
87.79000091552734
89.4800033569336
87.97000122070312
89.58999633789062
88.23999786376953
89.72000122070312
88.45999908447266
89.93000030517578
88.66999816894531
90.01000213623047
88.86000061035156
90.2300033569336
89.01000213623047
90.18000030517578
89.18000030517578
90.31999969482422
89.37000274658203
90.55000305175781
89.73999786376953
90.5199966430664
89.70999908447266
90.68000030517578
90.08999633789062
90.87999725341797
90.13999938964844
90.91999816894531
90.22000122070312
91.0999984741211
