10.6899995803833
10.930000305175781
11.149999618530273
12.3100004196167
11.640000343322754
15.470000267028809
13.529999732971191
17.510000228881836
15.819999694824219
18.530000686645508
17.040000915527344
18.290000915527344
18.3700008392334
18.200000762939453
20.309999465942383
18.760000228881836
22.559999465942383
19.959999084472656
23.559999465942383
21.040000915527344
23.75
21.40999984741211
23.239999771118164
21.149999618530273
23.09000015258789
20.6299991607666
23.139999389648438
20.969999313354492
23.350000381469727
21.329999923706055
23.889999389648438
21.739999771118164
24.170000076293945
22.209999084472656
24.450000762939453
22.75
24.81999969482422
23.149999618530273
25.239999771118164
23.8799991607666
25.56999969482422
24.139999389648438
25.860000610351562
24.709999084472656
26.280000686645508
24.84000015258789
26.530000686645508
25.270000457763672
26.790000915527344
25.649999618530273
27.229999542236328
25.920000076293945
27.399999618530273
26.149999618530273
27.6200008392334
26.469999313354492
27.989999771118164
26.770000457763672
28.25
26.940000534057617
28.5
27.200000762939453
28.56999969482422
27.549999237060547
28.770000457763672
27.920000076293945
28.989999771118164
28.360000610351562
29.079999923706055
28.600000381469727
29.350000381469727
29.1200008392334
29.700000762939453
29.649999618530273
30.049999237060547
29.6200008392334
29.709999084472656
29.3700008392334
29.670000076293945
28.760000228881836
29.530000686645508
28.770000457763672
30.34000015258789
30.799999237060547
31.5
30.700000762939453
28.020000457763672
22.639999389648438
25.600000381469727
30.899999618530273
32.58000183105469
32.599998474121094
32.38999938964844
31.469999313354492
31.709999084472656
31.139999389648438
31.670000076293945
31.40999984741211
32.119998931884766
31.799999237060547
