9.899999618530273
9.079999923706055
9.140000343322754
9.1899995803833
9.670000076293945
9.720000267028809
9.989999771118164
9.75
9.729999542236328
9.390000343322754
9.270000457763672
10.5600004196167
10.1899995803833
9.890000343322754
9.84000015258789
9.90999984741211
10.470000267028809
9.970000267028809
10.539999961853027
11.430000305175781
11.550000190734863
11.59000015258789
11.449999809265137
10.4399995803833
9.989999771118164
11.40999984741211
11.460000038146973
11.470000267028809
11.119999885559082
10.430000305175781
9.829999923706055
9.710000038146973
9.75
9.760000228881836
9.9399995803833
10.319999694824219
10.470000267028809
10.4399995803833
10.109999656677246
10.329999923706055
10.210000038146973
10.0600004196167
9.970000267028809
9.970000267028809
10.229999542236328
10.069999694824219
10.25
10.319999694824219
10.180000305175781
10.0600004196167
10.220000267028809
10.100000381469727
9.899999618530273
9.5600004196167
9.180000305175781
8.170000076293945
8.760000228881836
8.699999809265137
8.380000114440918
8.449999809265137
7.449999809265137
7.809999942779541
8.479999542236328
7.78000020980835
7.75
8.699999809265137
8.449999809265137
7.989999771118164
8.369999885559082
8.270000457763672
9.149999618530273
8.430000305175781
7.840000152587891
7.659999847412109
8.109999656677246
8.380000114440918
8.40999984741211
8.239999771118164
8.359999656677246
8.680000305175781
9.5600004196167
9.369999885559082
9.25
9.640000343322754
9.220000267028809
9.399999618530273
8.880000114440918
8.739999771118164
8.8100004196167
8.529999732971191
8.65999984741211
8.859999656677246
8.890000343322754
8.569999694824219
8.59000015258789
8.8100004196167
8.050000190734863
8.069999694824219
8.579999923706055
9.15999984741211
