12.739999771118164
19.260000228881836
24.139999389648438
20.479999542236328
22.31999969482422
30.010000228881836
28.989999771118164
30.15999984741211
42.52000045776367
50.95000076293945
51.349998474121094
54.70000076293945
49.5099983215332
56.59000015258789
52.90999984741211
62.38999938964844
56.93000030517578
62.7400016784668
61.2400016784668
63.58000183105469
62.349998474121094
66.29000091552734
64.83000183105469
68.3499984741211
66.58999633789062
69.41000366210938
68.70999908447266
73.91000366210938
68.54000091552734
76.36000061035156
69.38999938964844
79.11000061035156
73.72000122070312
80.80999755859375
76.72000122070312
80.95999908447266
76.19000244140625
82.0199966430664
78.72000122070312
82.41999816894531
78.2699966430664
83.52999877929688
79.98999786376953
84.0
81.26000213623047
84.44999694824219
81.6500015258789
85.12000274658203
82.91000366210938
84.76000213623047
82.86000061035156
84.79000091552734
82.69999694824219
85.01000213623047
82.58999633789062
85.5
83.33000183105469
85.61000061035156
84.4800033569336
86.44000244140625
84.13999938964844
85.44999694824219
85.97000122070312
87.11000061035156
85.2300033569336
86.62000274658203
85.58000183105469
87.30999755859375
86.37000274658203
86.9800033569336
86.37999725341797
87.33000183105469
86.51000213623047
87.69000244140625
87.30000305175781
88.12999725341797
87.3499984741211
88.61000061035156
88.02999877929688
88.52999877929688
88.20999908447266
88.4800033569336
88.0
88.94999694824219
88.8499984741211
89.4800033569336
88.69000244140625
89.66999816894531
89.04000091552734
89.80000305175781
89.3499984741211
89.66999816894531
89.18000030517578
90.01000213623047
89.55999755859375
90.16999816894531
89.61000061035156
90.16999816894531
90.02999877929688
90.45999908447266
