10.630000114440918
10.510000228881836
11.420000076293945
12.5
10.579999923706055
13.15999984741211
13.329999923706055
15.0600004196167
12.550000190734863
11.850000381469727
11.420000076293945
12.6899995803833
14.489999771118164
15.170000076293945
13.720000267028809
13.1899995803833
13.0600004196167
14.479999542236328
16.790000915527344
14.539999961853027
14.210000038146973
15.729999542236328
15.739999771118164
15.489999771118164
14.9399995803833
14.479999542236328
15.170000076293945
15.760000228881836
17.600000381469727
18.31999969482422
16.579999923706055
18.329999923706055
15.050000190734863
15.75
16.25
16.799999237060547
15.510000228881836
16.459999084472656
17.68000030517578
17.889999389648438
15.180000305175781
15.65999984741211
15.890000343322754
17.530000686645508
12.90999984741211
15.569999694824219
17.079999923706055
17.649999618530273
12.970000267028809
14.119999885559082
13.609999656677246
14.460000038146973
12.739999771118164
12.949999809265137
12.539999961853027
13.359999656677246
11.989999771118164
13.039999961853027
12.329999923706055
12.65999984741211
11.0600004196167
14.670000076293945
14.300000190734863
14.489999771118164
13.699999809265137
14.399999618530273
13.920000076293945
14.210000038146973
14.300000190734863
13.029999732971191
14.210000038146973
13.630000114440918
13.609999656677246
14.819999694824219
13.84000015258789
14.859999656677246
13.59000015258789
12.4399995803833
14.600000381469727
13.329999923706055
15.100000381469727
15.430000305175781
13.529999732971191
14.170000076293945
13.079999923706055
13.319999694824219
13.319999694824219
13.0
12.890000343322754
16.18000030517578
11.619999885559082
12.529999732971191
14.229999542236328
14.140000343322754
13.59000015258789
13.520000457763672
13.960000038146973
11.579999923706055
12.829999923706055
12.84000015258789
