18.360000610351562
20.170000076293945
18.770000457763672
21.43000030517578
19.579999923706055
24.18000030517578
24.510000228881836
27.350000381469727
28.639999389648438
28.40999984741211
26.09000015258789
36.11000061035156
36.209999084472656
31.6200008392334
35.29999923706055
46.34000015258789
43.88999938964844
47.31999969482422
48.959999084472656
53.810001373291016
52.7400016784668
55.02000045776367
53.150001525878906
55.88999938964844
55.099998474121094
51.540000915527344
58.939998626708984
58.810001373291016
60.33000183105469
65.87000274658203
65.52999877929688
60.900001525878906
65.83000183105469
66.41000366210938
69.44999694824219
68.83000183105469
66.91999816894531
72.30999755859375
71.69000244140625
71.48999786376953
71.04000091552734
73.91000366210938
70.0199966430664
72.16999816894531
72.80000305175781
72.44999694824219
74.08000183105469
75.79000091552734
74.8499984741211
77.18000030517578
75.97000122070312
76.41000366210938
76.44999694824219
79.36000061035156
75.43000030517578
78.0199966430664
79.08000183105469
78.66999816894531
78.02999877929688
79.36000061035156
77.18000030517578
76.91999816894531
77.73999786376953
78.69999694824219
76.83000183105469
80.51000213623047
78.7699966430664
79.58999633789062
77.91999816894531
79.30999755859375
79.12999725341797
79.76000213623047
79.4000015258789
81.36000061035156
78.9800033569336
79.79000091552734
79.25
80.0999984741211
79.76000213623047
81.1500015258789
81.0
80.66999816894531
82.58000183105469
82.93000030517578
82.4000015258789
82.56999969482422
81.58999633789062
82.55000305175781
81.33000183105469
83.37999725341797
81.33000183105469
82.44999694824219
82.58999633789062
82.06999969482422
80.79000091552734
81.43000030517578
82.44000244140625
81.30999755859375
82.58000183105469
82.9000015258789
