9.949999809265137
10.029999732971191
10.199999809265137
10.8100004196167
10.859999656677246
10.170000076293945
10.050000190734863
10.180000305175781
10.65999984741211
11.710000038146973
12.770000457763672
13.260000228881836
13.319999694824219
13.25
12.819999694824219
12.539999961853027
14.289999961853027
14.899999618530273
16.270000457763672
16.829999923706055
16.09000015258789
15.430000305175781
14.819999694824219
16.770000457763672
18.549999237060547
15.569999694824219
16.030000686645508
15.670000076293945
17.25
16.6200008392334
17.09000015258789
18.600000381469727
21.399999618530273
17.739999771118164
19.3799991607666
19.860000610351562
19.690000534057617
23.09000015258789
23.5
23.59000015258789
25.309999465942383
22.5
21.020000457763672
19.81999969482422
19.510000228881836
21.700000762939453
22.889999389648438
21.1200008392334
20.530000686645508
19.260000228881836
18.40999984741211
20.030000686645508
19.649999618530273
19.969999313354492
19.290000915527344
19.110000610351562
19.3799991607666
17.15999984741211
17.489999771118164
17.93000030517578
17.809999465942383
16.59000015258789
15.760000228881836
16.540000915527344
14.710000038146973
14.829999923706055
14.850000381469727
15.270000457763672
14.899999618530273
14.180000305175781
16.229999542236328
15.100000381469727
15.739999771118164
15.550000190734863
15.850000381469727
16.850000381469727
18.049999237060547
16.670000076293945
17.43000030517578
19.15999984741211
21.18000030517578
19.110000610351562
18.110000610351562
18.06999969482422
17.549999237060547
16.950000762939453
17.459999084472656
18.43000030517578
19.850000381469727
21.139999389648438
21.40999984741211
21.510000228881836
21.0
23.469999313354492
23.09000015258789
25.43000030517578
25.020000457763672
24.579999923706055
24.549999237060547
23.959999084472656
