9.880000114440918
10.579999923706055
9.609999656677246
12.0600004196167
10.489999771118164
12.270000457763672
14.140000343322754
15.84000015258789
15.350000381469727
14.529999732971191
11.949999809265137
12.720000267028809
12.739999771118164
15.460000038146973
12.470000267028809
10.930000305175781
10.890000343322754
13.15999984741211
14.920000076293945
15.390000343322754
15.75
17.360000610351562
14.5
16.950000762939453
14.3100004196167
15.130000114440918
12.3100004196167
12.899999618530273
13.0
13.90999984741211
13.619999885559082
15.729999542236328
15.670000076293945
16.479999542236328
15.100000381469727
16.729999542236328
14.75
16.489999771118164
17.049999237060547
17.649999618530273
14.350000381469727
15.050000190734863
12.270000457763672
14.4399995803833
13.5600004196167
14.069999694824219
17.420000076293945
14.84000015258789
11.930000305175781
13.890000343322754
12.539999961853027
12.140000343322754
11.420000076293945
11.829999923706055
11.170000076293945
12.680000305175781
10.210000038146973
10.609999656677246
11.920000076293945
13.869999885559082
12.670000076293945
12.40999984741211
12.600000381469727
13.260000228881836
12.270000457763672
12.289999961853027
12.710000038146973
11.90999984741211
12.029999732971191
13.3100004196167
12.760000228881836
12.170000076293945
12.819999694824219
11.289999961853027
12.670000076293945
11.470000267028809
12.8100004196167
11.260000228881836
13.09000015258789
12.460000038146973
12.550000190734863
12.449999809265137
11.649999618530273
11.6899995803833
11.829999923706055
11.3100004196167
11.359999656677246
11.319999694824219
11.739999771118164
12.65999984741211
11.970000267028809
11.899999618530273
12.15999984741211
12.020000457763672
11.460000038146973
10.020000457763672
11.850000381469727
10.65999984741211
10.59000015258789
10.359999656677246
