19.010000228881836
24.280000686645508
20.020000457763672
29.1299991607666
26.059999465942383
24.639999389648438
26.479999542236328
27.059999465942383
37.060001373291016
33.65999984741211
32.029998779296875
36.9900016784668
40.119998931884766
41.369998931884766
43.369998931884766
43.5
47.22999954223633
49.75
52.470001220703125
52.81999969482422
52.720001220703125
55.599998474121094
54.91999816894531
55.27000045776367
52.310001373291016
53.810001373291016
53.52000045776367
50.45000076293945
52.540000915527344
58.02000045776367
57.84000015258789
55.95000076293945
60.060001373291016
62.97999954223633
61.220001220703125
64.12000274658203
60.0099983215332
66.13999938964844
67.0999984741211
66.1500015258789
68.4800033569336
68.18000030517578
67.45999908447266
68.0999984741211
71.45999908447266
67.54000091552734
70.0999984741211
70.23999786376953
71.11000061035156
73.33000183105469
71.69000244140625
73.88999938964844
73.1500015258789
74.2300033569336
70.61000061035156
72.73999786376953
72.62999725341797
73.0999984741211
72.44000244140625
76.5999984741211
73.47000122070312
71.16999816894531
72.61000061035156
73.98999786376953
72.2699966430664
75.54000091552734
74.86000061035156
76.48999786376953
74.16999816894531
76.5999984741211
74.2699966430664
77.25
74.58999633789062
77.26000213623047
74.86000061035156
76.98999786376953
77.5199966430664
78.19000244140625
73.69999694824219
78.80999755859375
76.69000244140625
77.3499984741211
77.5999984741211
77.94999694824219
79.18000030517578
79.27999877929688
80.05000305175781
79.33999633789062
78.61000061035156
79.5999984741211
78.58000183105469
79.72000122070312
79.58999633789062
78.5999984741211
77.44999694824219
77.72000122070312
78.72000122070312
79.01000213623047
80.13999938964844
80.98999786376953
