10.949999809265137
12.59000015258789
10.050000190734863
12.119999885559082
12.449999809265137
20.200000762939453
22.84000015258789
28.90999984741211
29.200000762939453
32.439998626708984
36.16999816894531
39.97999954223633
36.16999816894531
43.459999084472656
44.83000183105469
42.5
37.0
41.939998626708984
43.869998931884766
50.189998626708984
47.220001220703125
49.310001373291016
47.400001525878906
43.9900016784668
48.290000915527344
51.2400016784668
45.61000061035156
50.9900016784668
52.470001220703125
50.29999923706055
51.130001068115234
51.20000076293945
55.18000030517578
54.150001525878906
49.40999984741211
50.56999969482422
50.0
50.349998474121094
47.95000076293945
48.47999954223633
53.04999923706055
52.150001525878906
50.439998626708984
50.43000030517578
48.91999816894531
49.36000061035156
48.130001068115234
50.77000045776367
52.16999816894531
55.72999954223633
53.220001220703125
54.529998779296875
55.68000030517578
56.720001220703125
56.279998779296875
54.209999084472656
56.7400016784668
56.29999923706055
56.689998626708984
56.130001068115234
57.34000015258789
59.459999084472656
58.900001525878906
56.41999816894531
56.7400016784668
54.459999084472656
54.720001220703125
55.09000015258789
56.060001373291016
57.310001373291016
56.63999938964844
56.66999816894531
54.29999923706055
55.22999954223633
55.2599983215332
57.279998779296875
57.4900016784668
57.130001068115234
58.13999938964844
57.13999938964844
55.939998626708984
54.7599983215332
53.880001068115234
49.599998474121094
53.70000076293945
51.91999816894531
53.27000045776367
53.75
55.220001220703125
53.540000915527344
54.09000015258789
54.220001220703125
52.79999923706055
52.77000045776367
54.529998779296875
53.290000915527344
56.11000061035156
56.4900016784668
58.16999816894531
56.869998931884766
