10.1899995803833
11.039999961853027
11.319999694824219
12.199999809265137
10.510000228881836
14.6899995803833
9.760000228881836
14.869999885559082
11.1899995803833
14.34000015258789
17.329999923706055
16.209999084472656
14.199999809265137
12.970000267028809
16.860000610351562
14.680000305175781
18.31999969482422
17.219999313354492
20.559999465942383
17.40999984741211
17.239999771118164
18.350000381469727
19.65999984741211
18.260000228881836
18.68000030517578
14.84000015258789
15.3100004196167
19.149999618530273
19.6299991607666
17.350000381469727
17.219999313354492
16.149999618530273
13.9399995803833
15.989999771118164
18.200000762939453
18.719999313354492
19.829999923706055
19.75
20.209999084472656
19.5
20.350000381469727
20.979999542236328
21.18000030517578
18.489999771118164
21.639999389648438
20.530000686645508
21.5
20.34000015258789
18.959999084472656
17.170000076293945
17.170000076293945
18.110000610351562
18.799999237060547
17.229999542236328
18.18000030517578
19.010000228881836
20.1299991607666
21.329999923706055
22.010000228881836
20.219999313354492
17.389999389648438
18.75
17.8799991607666
19.559999465942383
20.15999984741211
18.84000015258789
18.360000610351562
19.15999984741211
20.010000228881836
19.459999084472656
17.510000228881836
18.40999984741211
20.479999542236328
18.290000915527344
15.399999618530273
18.489999771118164
16.18000030517578
17.719999313354492
16.329999923706055
18.760000228881836
17.59000015258789
18.8799991607666
15.579999923706055
16.639999389648438
15.989999771118164
18.780000686645508
17.43000030517578
19.18000030517578
13.5600004196167
14.170000076293945
13.869999885559082
15.300000190734863
14.899999618530273
15.720000267028809
15.210000038146973
16.209999084472656
15.829999923706055
16.770000457763672
17.09000015258789
17.65999984741211
