11.390000343322754
11.729999542236328
10.800000190734863
13.319999694824219
14.329999923706055
19.780000686645508
20.739999771118164
25.450000762939453
24.309999465942383
24.06999969482422
32.95000076293945
33.75
29.6299991607666
32.459999084472656
39.04999923706055
35.189998626708984
26.850000381469727
27.049999237060547
29.100000381469727
36.7599983215332
34.08000183105469
32.52000045776367
33.52000045776367
29.309999465942383
32.900001525878906
28.719999313354492
31.520000457763672
31.8700008392334
37.9900016784668
36.279998779296875
35.65999984741211
34.349998474121094
34.540000915527344
37.619998931884766
31.219999313354492
30.809999465942383
30.610000610351562
35.75
31.40999984741211
31.770000457763672
36.38999938964844
34.68000030517578
30.260000228881836
30.8799991607666
28.3799991607666
29.3700008392334
30.84000015258789
33.16999816894531
34.290000915527344
36.869998931884766
33.130001068115234
34.310001373291016
34.70000076293945
32.95000076293945
32.279998779296875
34.58000183105469
37.63999938964844
35.959999084472656
36.91999816894531
37.59000015258789
39.09000015258789
40.90999984741211
41.310001373291016
35.310001373291016
36.18000030517578
33.349998474121094
34.02000045776367
32.66999816894531
35.56999969482422
33.95000076293945
32.33000183105469
30.940000534057617
30.389999389648438
31.049999237060547
31.690000534057617
31.739999771118164
32.81999969482422
33.15999984741211
28.790000915527344
29.459999084472656
27.579999923706055
28.850000381469727
28.329999923706055
25.450000762939453
24.1299991607666
26.059999465942383
28.360000610351562
27.100000381469727
31.030000686645508
30.540000915527344
27.6200008392334
28.940000534057617
27.959999084472656
26.8799991607666
28.1200008392334
24.469999313354492
24.739999771118164
21.030000686645508
23.280000686645508
24.520000457763672
