19.350000381469727
22.739999771118164
21.06999969482422
23.65999984741211
19.239999771118164
19.950000762939453
27.40999984741211
34.689998626708984
41.04999923706055
44.9900016784668
49.36000061035156
55.7599983215332
53.029998779296875
51.56999969482422
51.91999816894531
55.43000030517578
53.38999938964844
57.83000183105469
55.619998931884766
61.400001525878906
56.599998474121094
62.439998626708984
60.599998474121094
63.97999954223633
63.380001068115234
60.84000015258789
65.52999877929688
69.7300033569336
65.25
72.43000030517578
66.94999694824219
69.16999816894531
70.69000244140625
75.87999725341797
75.12999725341797
78.02999877929688
76.81999969482422
80.3499984741211
79.51000213623047
80.08000183105469
78.5999984741211
81.44000244140625
77.22000122070312
81.58000183105469
80.75
82.4800033569336
82.5999984741211
82.56999969482422
82.04000091552734
83.76000213623047
82.12000274658203
83.73999786376953
81.52999877929688
84.77999877929688
81.12000274658203
85.41000366210938
84.54000091552734
84.6500015258789
84.70999908447266
85.58999633789062
82.30000305175781
85.5
84.54000091552734
86.25
84.0199966430664
85.75
84.08999633789062
86.22000122070312
83.76000213623047
86.20999908447266
84.6500015258789
86.02999877929688
85.69000244140625
86.26000213623047
86.2699966430664
86.98999786376953
85.88999938964844
87.04000091552734
86.29000091552734
87.5199966430664
87.05000305175781
87.01000213623047
87.12999725341797
86.8499984741211
85.88999938964844
87.51000213623047
87.52999877929688
87.94000244140625
87.44000244140625
88.23999786376953
87.4000015258789
88.37999725341797
87.29000091552734
87.69000244140625
87.12000274658203
87.76000213623047
87.3499984741211
87.5999984741211
87.37000274658203
88.12999725341797
