9.859999656677246
10.09000015258789
10.100000381469727
12.020000457763672
10.680000305175781
11.84000015258789
13.75
13.960000038146973
15.829999923706055
16.809999465942383
18.940000534057617
11.0
9.869999885559082
8.09000015258789
10.510000228881836
13.880000114440918
10.9399995803833
8.890000343322754
11.850000381469727
8.470000267028809
7.059999942779541
9.210000038146973
8.479999542236328
7.860000133514404
10.470000267028809
10.130000114440918
11.65999984741211
10.430000305175781
12.0
13.979999542236328
12.5600004196167
15.069999694824219
14.720000267028809
16.329999923706055
15.279999732971191
15.960000038146973
15.760000228881836
15.84000015258789
15.220000267028809
14.630000114440918
14.510000228881836
13.399999618530273
12.739999771118164
15.0600004196167
14.979999542236328
13.949999809265137
13.479999542236328
16.049999237060547
11.59000015258789
13.399999618530273
11.729999542236328
11.779999732971191
13.069999694824219
11.84000015258789
12.479999542236328
12.920000076293945
13.729999542236328
11.850000381469727
12.90999984741211
11.010000228881836
13.529999732971191
12.489999771118164
13.329999923706055
13.170000076293945
13.920000076293945
14.239999771118164
13.34000015258789
14.680000305175781
14.119999885559082
14.399999618530273
13.649999618530273
10.140000343322754
10.470000267028809
9.680000305175781
11.319999694824219
10.899999618530273
12.390000343322754
11.119999885559082
13.130000114440918
15.859999656677246
15.75
15.449999809265137
16.829999923706055
17.600000381469727
17.350000381469727
19.6200008392334
18.420000076293945
15.270000457763672
12.15999984741211
14.020000457763672
14.470000267028809
13.210000038146973
13.8100004196167
13.9399995803833
12.5600004196167
13.399999618530273
12.220000267028809
14.579999923706055
16.34000015258789
17.690000534057617
