11.90999984741211
10.239999771118164
11.979999542236328
13.050000190734863
14.789999961853027
18.31999969482422
17.809999465942383
23.459999084472656
22.079999923706055
20.56999969482422
29.959999084472656
29.40999984741211
25.959999084472656
24.479999542236328
32.75
28.829999923706055
21.600000381469727
19.139999389648438
21.219999313354492
26.530000686645508
25.010000228881836
23.709999084472656
25.510000228881836
22.81999969482422
24.549999237060547
19.559999465942383
23.68000030517578
21.420000076293945
27.649999618530273
25.489999771118164
24.299999237060547
22.860000610351562
21.399999618530273
23.06999969482422
18.940000534057617
20.770000457763672
24.15999984741211
28.600000381469727
25.31999969482422
23.559999465942383
25.639999389648438
22.34000015258789
20.06999969482422
20.290000915527344
20.110000610351562
20.860000610351562
22.079999923706055
23.670000076293945
21.040000915527344
25.440000534057617
21.360000610351562
23.510000228881836
20.829999923706055
17.8799991607666
18.790000915527344
20.829999923706055
21.260000228881836
19.450000762939453
18.90999984741211
18.34000015258789
21.799999237060547
23.850000381469727
23.190000534057617
18.959999084472656
17.8700008392334
16.889999389648438
17.1299991607666
16.829999923706055
17.260000228881836
16.610000610351562
15.949999809265137
16.280000686645508
18.459999084472656
17.219999313354492
18.139999389648438
17.579999923706055
18.1299991607666
18.850000381469727
15.850000381469727
16.049999237060547
14.510000228881836
12.180000305175781
13.550000190734863
14.5600004196167
16.729999542236328
17.600000381469727
19.100000381469727
17.600000381469727
19.950000762939453
19.239999771118164
18.559999465942383
20.3700008392334
19.610000610351562
19.450000762939453
17.950000762939453
13.619999885559082
13.699999809265137
14.729999542236328
15.289999961853027
16.8700008392334
