10.229999542236328
12.770000457763672
9.930000305175781
11.899999618530273
11.0
19.760000228881836
21.520000457763672
29.420000076293945
31.559999465942383
36.970001220703125
38.36000061035156
44.52000045776367
39.0
49.34000015258789
46.619998931884766
47.849998474121094
44.34000015258789
50.83000183105469
53.36000061035156
58.06999969482422
55.369998931884766
59.970001220703125
58.209999084472656
58.130001068115234
60.20000076293945
62.939998626708984
58.720001220703125
62.7400016784668
61.72999954223633
57.650001525878906
60.0
60.36000061035156
64.76000213623047
63.439998626708984
59.65999984741211
61.279998779296875
60.75
58.560001373291016
58.220001220703125
58.77000045776367
60.88999938964844
59.790000915527344
60.06999969482422
62.20000076293945
60.93000030517578
61.18000030517578
59.90999984741211
62.529998779296875
63.06999969482422
66.2699966430664
65.0
65.77999877929688
67.18000030517578
67.62000274658203
66.33000183105469
65.81999969482422
65.44999694824219
65.0999984741211
65.48999786376953
65.93000030517578
66.54000091552734
67.93000030517578
67.87999725341797
67.83999633789062
67.16000366210938
66.69000244140625
66.93000030517578
68.01000213623047
67.1500015258789
68.66999816894531
67.04000091552734
67.16000366210938
67.33999633789062
66.8499984741211
66.05999755859375
68.02999877929688
68.3499984741211
68.7699966430664
69.72000122070312
68.98999786376953
69.01000213623047
68.02999877929688
65.54000091552734
64.88999938964844
65.3499984741211
64.29000091552734
64.05000305175781
66.54000091552734
68.47000122070312
67.77999877929688
68.1500015258789
68.62000274658203
66.95999908447266
68.08000183105469
68.83999633789062
69.25
68.80000305175781
68.91999816894531
70.43000030517578
69.62000274658203
