10.40999984741211
11.010000228881836
9.8100004196167
10.34000015258789
10.369999885559082
12.90999984741211
12.640000343322754
14.149999618530273
13.239999771118164
16.639999389648438
15.420000076293945
17.079999923706055
18.989999771118164
17.049999237060547
19.920000076293945
15.680000305175781
17.399999618530273
18.020000457763672
21.639999389648438
18.200000762939453
21.540000915527344
17.84000015258789
20.360000610351562
18.0
23.549999237060547
21.8700008392334
23.690000534057617
20.989999771118164
17.950000762939453
20.040000915527344
22.860000610351562
25.889999389648438
27.469999313354492
20.59000015258789
21.219999313354492
20.68000030517578
25.610000610351562
22.860000610351562
21.280000686645508
20.520000457763672
25.709999084472656
26.670000076293945
28.670000076293945
26.739999771118164
26.709999084472656
25.90999984741211
27.459999084472656
25.40999984741211
24.979999542236328
26.610000610351562
25.489999771118164
28.3700008392334
29.270000457763672
25.860000610351562
24.1299991607666
25.3700008392334
29.600000381469727
27.56999969482422
24.3799991607666
20.729999542236328
20.989999771118164
22.1200008392334
25.959999084472656
26.799999237060547
29.68000030517578
29.110000610351562
27.829999923706055
27.170000076293945
28.610000610351562
28.110000610351562
29.969999313354492
28.540000915527344
30.459999084472656
29.399999618530273
28.040000915527344
26.899999618530273
29.010000228881836
28.610000610351562
29.420000076293945
27.280000686645508
28.610000610351562
28.799999237060547
31.350000381469727
31.290000915527344
31.010000228881836
30.030000686645508
31.219999313354492
29.360000610351562
31.450000762939453
29.469999313354492
24.790000915527344
27.360000610351562
29.5
28.899999618530273
31.81999969482422
30.270000457763672
31.6200008392334
29.600000381469727
32.43000030517578
32.20000076293945
