11.710000038146973
10.890000343322754
12.020000457763672
23.5
26.15999984741211
26.760000228881836
27.760000228881836
31.09000015258789
39.40999984741211
41.790000915527344
39.099998474121094
41.61000061035156
45.939998626708984
44.06999969482422
42.91999816894531
43.41999816894531
47.66999816894531
50.849998474121094
54.45000076293945
56.040000915527344
55.25
60.040000915527344
63.29999923706055
60.400001525878906
60.63999938964844
64.41999816894531
64.0999984741211
63.959999084472656
66.08999633789062
65.19000244140625
66.62000274658203
66.2699966430664
66.1500015258789
67.58000183105469
69.73999786376953
70.44000244140625
70.7300033569336
72.87000274658203
74.51000213623047
72.44999694824219
76.22000122070312
77.04000091552734
76.26000213623047
77.38999938964844
76.76000213623047
77.31999969482422
77.72000122070312
77.7300033569336
79.45999908447266
80.5999984741211
80.68000030517578
81.1500015258789
80.87000274658203
80.55999755859375
81.02999877929688
81.26000213623047
81.16000366210938
81.23999786376953
82.43000030517578
82.70999908447266
83.16000366210938
83.08000183105469
81.0199966430664
82.7699966430664
82.80000305175781
83.55999755859375
84.16999816894531
84.55000305175781
83.5199966430664
83.83999633789062
84.5999984741211
84.52999877929688
85.12000274658203
84.47000122070312
84.66999816894531
85.04000091552734
84.25
83.86000061035156
84.55000305175781
85.06999969482422
85.1500015258789
84.79000091552734
85.13999938964844
85.4000015258789
85.38999938964844
85.41999816894531
85.44000244140625
85.9800033569336
85.81999969482422
85.87000274658203
85.98999786376953
86.26000213623047
86.41999816894531
85.6500015258789
86.31999969482422
85.80000305175781
86.52999877929688
86.83000183105469
86.7300033569336
87.08999633789062
