10.350000381469727
11.920000076293945
16.309999465942383
9.960000038146973
12.859999656677246
19.1200008392334
18.790000915527344
17.280000686645508
23.0
19.770000457763672
26.940000534057617
28.25
31.5
28.399999618530273
43.63999938964844
46.58000183105469
55.119998931884766
59.66999816894531
56.290000915527344
57.150001525878906
56.38999938964844
63.97999954223633
61.5
61.63999938964844
61.0099983215332
66.23999786376953
66.30999755859375
69.08000183105469
71.41000366210938
69.0
69.16000366210938
72.91000366210938
72.55999755859375
73.26000213623047
73.12999725341797
75.55000305175781
75.66999816894531
74.87000274658203
75.19999694824219
74.93000030517578
72.73999786376953
77.62999725341797
76.41000366210938
75.66999816894531
77.5
78.62000274658203
81.16000366210938
79.9000015258789
77.41999816894531
77.91000366210938
79.44999694824219
76.94000244140625
77.68000030517578
79.44000244140625
81.27999877929688
78.70999908447266
79.33999633789062
82.19999694824219
81.27999877929688
80.97000122070312
80.13999938964844
81.94999694824219
81.61000061035156
82.37000274658203
82.75
82.08999633789062
82.97000122070312
81.37000274658203
82.33999633789062
83.93000030517578
83.1500015258789
84.33000183105469
83.66000366210938
83.80000305175781
84.33999633789062
84.0
84.5
83.94000244140625
80.08000183105469
83.86000061035156
84.0
84.80999755859375
84.83999633789062
84.83999633789062
85.33000183105469
85.2699966430664
85.33000183105469
85.51000213623047
85.01000213623047
84.86000061035156
84.08999633789062
84.73999786376953
84.16000366210938
85.56999969482422
85.41999816894531
85.19999694824219
84.62000274658203
85.16000366210938
85.44000244140625
85.19000244140625
