10.079999923706055
10.170000076293945
12.029999732971191
12.699999809265137
16.68000030517578
21.760000228881836
22.0
29.979999542236328
34.150001525878906
35.72999954223633
36.869998931884766
45.04999923706055
54.970001220703125
53.119998931884766
52.470001220703125
56.22999954223633
58.58000183105469
61.5099983215332
62.7599983215332
65.56999969482422
67.19999694824219
68.9000015258789
68.91999816894531
64.52999877929688
65.62999725341797
70.30999755859375
71.0999984741211
69.98999786376953
72.0199966430664
72.41000366210938
72.08000183105469
68.79000091552734
68.70999908447266
71.12000274658203
70.30000305175781
71.25
73.0999984741211
73.68000030517578
73.41000366210938
73.19000244140625
76.02999877929688
77.44000244140625
77.7300033569336
78.5
78.69999694824219
78.58000183105469
78.7699966430664
78.83000183105469
78.47000122070312
77.91000366210938
78.5199966430664
78.72000122070312
79.37000274658203
78.66999816894531
79.76000213623047
80.08999633789062
80.51000213623047
80.66999816894531
80.45999908447266
80.9000015258789
81.58000183105469
80.36000061035156
81.62999725341797
81.26000213623047
80.05999755859375
81.80999755859375
82.27999877929688
81.27999877929688
80.19000244140625
80.76000213623047
80.62000274658203
80.18000030517578
82.18000030517578
82.68000030517578
82.55999755859375
82.37999725341797
81.83000183105469
81.81999969482422
81.86000061035156
82.41000366210938
81.62000274658203
82.0999984741211
82.66999816894531
82.94999694824219
82.75
82.69000244140625
82.55999755859375
82.45999908447266
83.36000061035156
83.0199966430664
82.44000244140625
82.8499984741211
83.02999877929688
82.55000305175781
82.5
82.9800033569336
83.69999694824219
83.51000213623047
83.62999725341797
83.80999755859375
