10.380000114440918
10.25
11.3100004196167
14.8100004196167
16.1299991607666
24.8700008392334
27.31999969482422
34.22999954223633
42.310001373291016
46.75
48.380001068115234
48.83000183105469
49.900001525878906
57.029998779296875
58.36000061035156
59.43000030517578
64.08999633789062
65.41999816894531
66.87000274658203
68.75
67.52999877929688
68.19999694824219
69.69000244140625
67.5
71.01000213623047
69.06999969482422
71.48999786376953
74.68000030517578
74.5
75.38999938964844
77.18000030517578
76.9800033569336
78.04000091552734
77.86000061035156
78.33000183105469
78.79000091552734
77.08000183105469
76.48999786376953
78.37000274658203
79.66999816894531
79.44000244140625
80.41999816894531
79.62000274658203
80.87999725341797
80.72000122070312
81.45999908447266
81.45999908447266
81.88999938964844
81.87999725341797
81.45999908447266
81.83000183105469
81.3499984741211
81.5999984741211
82.44999694824219
82.9800033569336
83.33999633789062
83.2699966430664
83.70999908447266
83.77999877929688
83.2699966430664
82.55000305175781
83.20999908447266
83.83999633789062
83.66000366210938
83.70999908447266
83.16000366210938
84.6500015258789
84.31999969482422
84.20999908447266
84.12000274658203
83.61000061035156
84.7300033569336
84.81999969482422
84.69000244140625
84.5
83.55000305175781
84.36000061035156
84.31999969482422
84.41000366210938
84.70999908447266
84.69000244140625
84.36000061035156
84.3499984741211
84.20999908447266
85.0199966430664
84.63999938964844
83.48999786376953
83.66000366210938
84.45999908447266
84.62000274658203
83.95999908447266
84.13999938964844
84.7699966430664
84.69999694824219
84.66000366210938
85.31999969482422
85.5
85.4800033569336
85.16000366210938
84.72000122070312
