10.890000343322754
10.260000228881836
11.239999771118164
13.720000267028809
21.329999923706055
23.270000457763672
32.2599983215332
38.349998474121094
34.4900016784668
44.369998931884766
46.880001068115234
46.0099983215332
52.529998779296875
57.20000076293945
63.099998474121094
67.37999725341797
65.41000366210938
65.72000122070312
64.56999969482422
66.04000091552734
65.91000366210938
69.33000183105469
68.77999877929688
71.12000274658203
72.81999969482422
73.37000274658203
75.16999816894531
74.12999725341797
74.41999816894531
73.9800033569336
74.80000305175781
77.98999786376953
77.37999725341797
77.98999786376953
78.29000091552734
78.36000061035156
79.41000366210938
80.06999969482422
80.06999969482422
81.0199966430664
80.87000274658203
80.7699966430664
81.61000061035156
82.30999755859375
82.25
81.70999908447266
82.76000213623047
82.43000030517578
81.69000244140625
82.51000213623047
83.27999877929688
82.56999969482422
82.80000305175781
84.13999938964844
84.20999908447266
84.08000183105469
83.87999725341797
84.75
84.51000213623047
84.31999969482422
83.83000183105469
84.12000274658203
83.94999694824219
84.08000183105469
83.62000274658203
83.55000305175781
83.76000213623047
84.3499984741211
84.13999938964844
83.69000244140625
83.7699966430664
84.2699966430664
84.13999938964844
83.98999786376953
84.0999984741211
84.23999786376953
84.80999755859375
85.19999694824219
84.80999755859375
84.73999786376953
84.91000366210938
84.76000213623047
84.58999633789062
84.68000030517578
84.63999938964844
84.68000030517578
84.80000305175781
85.06999969482422
84.70999908447266
84.87000274658203
85.0
85.06999969482422
84.6500015258789
84.80000305175781
84.7699966430664
83.97000122070312
85.23999786376953
85.08999633789062
85.4000015258789
85.30000305175781
