12.199999809265137
14.470000267028809
16.540000915527344
18.040000915527344
19.489999771118164
27.65999984741211
28.190000534057617
41.02000045776367
43.54999923706055
45.689998626708984
49.119998931884766
49.56999969482422
53.290000915527344
53.31999969482422
55.040000915527344
55.369998931884766
54.599998474121094
55.33000183105469
54.470001220703125
57.439998626708984
59.209999084472656
60.54999923706055
61.91999816894531
63.58000183105469
69.22000122070312
66.36000061035156
68.91999816894531
72.63999938964844
70.69000244140625
73.55000305175781
73.97000122070312
73.13999938964844
74.62000274658203
77.66999816894531
77.45999908447266
77.37999725341797
78.33999633789062
78.44000244140625
79.5199966430664
78.55999755859375
80.27999877929688
80.2699966430664
80.1500015258789
80.4800033569336
79.58000183105469
80.54000091552734
81.87999725341797
81.81999969482422
81.87000274658203
82.45999908447266
81.68000030517578
83.04000091552734
83.16000366210938
82.22000122070312
83.0999984741211
83.11000061035156
81.91000366210938
83.2300033569336
84.51000213623047
84.23999786376953
85.08999633789062
85.02999877929688
85.26000213623047
85.12000274658203
85.20999908447266
84.41999816894531
85.06999969482422
85.68000030517578
85.54000091552734
85.72000122070312
85.87999725341797
85.58000183105469
85.80999755859375
86.25
86.13999938964844
86.23999786376953
86.69000244140625
86.30000305175781
86.44000244140625
86.6500015258789
86.5999984741211
86.41999816894531
86.69000244140625
86.70999908447266
86.06999969482422
86.77999877929688
86.83999633789062
86.97000122070312
87.12000274658203
86.6500015258789
86.58000183105469
86.44999694824219
86.58999633789062
87.08999633789062
86.9800033569336
86.97000122070312
87.06999969482422
86.95999908447266
87.19000244140625
87.18000030517578
