7.989999771118164
8.920000076293945
18.059999465942383
16.610000610351562
17.489999771118164
13.039999961853027
15.84000015258789
12.520000457763672
18.299999237060547
23.850000381469727
24.84000015258789
26.469999313354492
34.38999938964844
30.75
28.90999984741211
32.439998626708984
39.150001525878906
45.619998931884766
52.15999984741211
47.790000915527344
51.75
51.970001220703125
53.41999816894531
55.7599983215332
56.52000045776367
55.70000076293945
53.90999984741211
50.83000183105469
57.470001220703125
56.220001220703125
56.27000045776367
49.79999923706055
57.20000076293945
55.310001373291016
59.84000015258789
54.349998474121094
59.189998626708984
57.970001220703125
59.7599983215332
61.7400016784668
62.54999923706055
64.83000183105469
66.94999694824219
66.12000274658203
62.959999084472656
66.51000213623047
66.61000061035156
65.58999633789062
68.11000061035156
69.30000305175781
66.44000244140625
70.8499984741211
70.30000305175781
66.77999877929688
68.93000030517578
68.02999877929688
68.62999725341797
68.7300033569336
65.58000183105469
66.87000274658203
63.689998626708984
65.5
65.61000061035156
68.20999908447266
68.55000305175781
65.69000244140625
70.44000244140625
69.76000213623047
70.1500015258789
69.52999877929688
66.0999984741211
68.05999755859375
61.970001220703125
65.30999755859375
64.08000183105469
66.4800033569336
65.62000274658203
66.69999694824219
67.91999816894531
68.87999725341797
68.4800033569336
70.25
68.5199966430664
69.36000061035156
68.25
68.93000030517578
71.9000015258789
69.43000030517578
70.0999984741211
70.12000274658203
70.62999725341797
71.05999755859375
70.30999755859375
71.12999725341797
69.9800033569336
67.30999755859375
69.02999877929688
69.11000061035156
70.94000244140625
69.87999725341797
