9.0
11.399999618530273
14.130000114440918
9.920000076293945
13.539999961853027
17.06999969482422
21.059999465942383
24.579999923706055
28.06999969482422
33.7599983215332
31.729999542236328
36.72999954223633
38.61000061035156
46.849998474121094
51.119998931884766
48.709999084472656
56.869998931884766
54.79999923706055
57.20000076293945
61.31999969482422
60.060001373291016
58.290000915527344
59.619998931884766
61.41999816894531
62.13999938964844
66.94999694824219
67.80000305175781
69.33000183105469
69.22000122070312
68.98999786376953
67.13999938964844
70.01000213623047
72.83999633789062
67.83000183105469
70.25
68.98999786376953
67.51000213623047
69.5
67.7300033569336
72.66999816894531
72.93000030517578
71.58999633789062
72.31999969482422
71.52999877929688
71.20999908447266
71.73999786376953
71.91999816894531
68.97000122070312
70.11000061035156
72.26000213623047
73.62999725341797
71.19000244140625
71.93000030517578
71.94999694824219
74.69999694824219
74.73999786376953
71.7699966430664
74.5999984741211
72.7699966430664
74.62999725341797
73.16000366210938
76.44999694824219
74.95999908447266
75.94000244140625
75.4800033569336
76.87000274658203
77.45999908447266
75.11000061035156
77.05999755859375
77.9000015258789
75.37000274658203
76.58000183105469
74.97000122070312
76.93000030517578
77.08000183105469
75.52999877929688
76.12000274658203
75.29000091552734
75.88999938964844
73.80999755859375
76.16000366210938
75.12000274658203
77.51000213623047
76.2300033569336
77.0
77.36000061035156
77.44000244140625
77.1500015258789
75.94999694824219
77.19999694824219
74.25
75.91999816894531
74.69000244140625
74.87999725341797
76.30000305175781
76.87999725341797
75.7300033569336
75.68000030517578
76.83000183105469
75.37999725341797
