11.890000343322754
13.90999984741211
16.670000076293945
20.270000457763672
25.079999923706055
32.029998779296875
38.279998779296875
43.52000045776367
47.75
50.33000183105469
52.5
53.619998931884766
54.04999923706055
54.58000183105469
54.68000030517578
54.720001220703125
54.83000183105469
55.130001068115234
55.540000915527344
56.29999923706055
57.40999984741211
58.68000030517578
60.20000076293945
61.27000045776367
62.91999816894531
64.41999816894531
65.8499984741211
67.44999694824219
68.87000274658203
70.0
71.30000305175781
72.4000015258789
73.44999694824219
74.25
75.12000274658203
75.73999786376953
76.73999786376953
77.23999786376953
77.88999938964844
78.23999786376953
78.8499984741211
79.30000305175781
79.68000030517578
80.20999908447266
80.69000244140625
80.91999816894531
81.29000091552734
81.55000305175781
81.9000015258789
82.18000030517578
82.43000030517578
82.76000213623047
82.94000244140625
83.27999877929688
83.44999694824219
83.58999633789062
83.87000274658203
84.05000305175781
84.26000213623047
84.36000061035156
84.55000305175781
84.62999725341797
84.98999786376953
85.05000305175781
85.20999908447266
85.29000091552734
85.41000366210938
85.58000183105469
85.70999908447266
85.77999877929688
85.91999816894531
85.95999908447266
86.01000213623047
86.11000061035156
86.2300033569336
86.30000305175781
86.36000061035156
86.37000274658203
86.43000030517578
86.48999786376953
86.5999984741211
86.70999908447266
86.72000122070312
86.80999755859375
86.87000274658203
86.91000366210938
86.94000244140625
86.98999786376953
87.08000183105469
87.18000030517578
87.16000366210938
87.33999633789062
87.33000183105469
87.43000030517578
87.55999755859375
87.55000305175781
87.62999725341797
87.75
87.81999969482422
87.87000274658203
