10.84000015258789
9.0
16.889999389648438
21.719999313354492
15.279999732971191
18.43000030517578
18.65999984741211
15.229999542236328
24.219999313354492
25.65999984741211
31.450000762939453
29.040000915527344
32.81999969482422
29.190000534057617
32.02000045776367
31.549999237060547
35.79999923706055
40.400001525878906
44.68000030517578
48.310001373291016
39.130001068115234
42.54999923706055
42.72999954223633
47.150001525878906
51.939998626708984
47.59000015258789
49.459999084472656
50.959999084472656
53.63999938964844
51.20000076293945
52.060001373291016
46.130001068115234
51.04999923706055
51.4900016784668
53.5099983215332
49.95000076293945
53.09000015258789
51.540000915527344
48.9900016784668
50.779998779296875
51.619998931884766
47.95000076293945
48.779998779296875
45.84000015258789
49.0
50.40999984741211
47.81999969482422
49.59000015258789
54.61000061035156
54.95000076293945
48.09000015258789
49.95000076293945
50.630001068115234
50.34000015258789
51.459999084472656
47.09000015258789
51.63999938964844
47.689998626708984
52.310001373291016
52.810001373291016
50.779998779296875
54.560001373291016
51.349998474121094
46.54999923706055
52.33000183105469
54.150001525878906
49.7400016784668
52.65999984741211
50.5099983215332
56.22999954223633
56.150001525878906
55.75
51.439998626708984
48.369998931884766
54.369998931884766
53.83000183105469
47.63999938964844
49.20000076293945
51.279998779296875
55.61000061035156
55.849998474121094
56.779998779296875
51.97999954223633
55.36000061035156
52.70000076293945
48.90999984741211
52.91999816894531
50.369998931884766
45.369998931884766
50.15999984741211
53.459999084472656
51.09000015258789
48.689998626708984
52.099998474121094
47.58000183105469
50.58000183105469
46.9900016784668
45.790000915527344
50.970001220703125
52.41999816894531
