40163.90176773071
10.0
11.59
10.0
14.41
23.25
32.08
38.29
42.41
49.11
53.410000000000004
57.08
59.95
59.91
59.45
58.26
56.32
54.2
51.57000000000001
50.739999999999995
47.57
45.769999999999996
43.35
43.05
42.46
42.17
42.49
42.34
40.089999999999996
39.65
37.86
37.92
38.14
36.8
37.47
37.64
37.41
37.24
35.53
36.36
36.55
35.86
35.36
36.02
36.309999999999995
34.72
35.47
34.75
34.94
33.879999999999995
34.47
34.56
33.68
34.18
33.33
34.37
34.14
34.54
33.2
32.61
32.910000000000004
32.57
31.819999999999997
32.37
32.84
33.1
33.64
32.72
33.300000000000004
32.05
32.74
32.029999999999994
31.630000000000003
30.919999999999998
31.1
30.459999999999997
31.59
31.64
31.72
31.1
30.72
29.049999999999997
30.380000000000003
30.18
30.14
29.12
30.819999999999997
29.65
28.79
29.720000000000002
29.880000000000003
30.380000000000003
28.98
29.020000000000003
28.050000000000004
28.939999999999998
27.46
27.98
26.35
27.139999999999997
26.47
