3196.621691942215
10.0
11.020000000000001
10.0
10.620000000000001
10.59
18.47
24.59
26.76
28.84
30.91
34.55
37.07
39.4
39.35
41.92
42.44
43.309999999999995
45.28
47.5
48.57
48.370000000000005
48.6
49.54
50.72
51.77
51.44
51.81
52.400000000000006
52.690000000000005
53.38
53.910000000000004
52.629999999999995
54.22
54.50000000000001
54.63
55.19
55.7
55.63
55.42
56.06
56.07
57.16
57.05
56.95
57.489999999999995
57.36
57.96
56.779999999999994
57.82000000000001
58.32000000000001
58.440000000000005
57.599999999999994
58.89
58.879999999999995
58.32000000000001
58.51
58.68
59.5
59.309999999999995
59.41
59.28
59.84
59.78
59.57
59.46
59.81999999999999
60.23
60.19
60.84
60.29
60.11
60.589999999999996
60.309999999999995
61.25000000000001
60.89
61.07
60.980000000000004
61.14000000000001
60.980000000000004
61.58
60.85
60.629999999999995
60.88
61.27
61.160000000000004
61.51
61.42999999999999
61.0
61.5
61.41
61.44
61.56
62.12
61.77
61.96
61.660000000000004
61.7
62.38
61.79
61.45
