2958.662005186081
10.0
10.0
10.74
10.05
15.190000000000001
17.22
21.94
22.82
27.76
28.83
30.55
32.17
33.19
34.98
35.92
37.65
38.379999999999995
39.519999999999996
40.45
41.589999999999996
42.08
44.190000000000005
44.68
44.879999999999995
46.32
47.12
48.1
47.57
48.39
49.76
50.06
50.96000000000001
51.62
51.49
52.56999999999999
52.66
53.25
53.620000000000005
54.379999999999995
54.55
54.25
55.28999999999999
55.510000000000005
55.93
56.599999999999994
56.720000000000006
57.53
56.620000000000005
57.65
57.78
58.25
58.15
58.379999999999995
58.809999999999995
58.42
58.96
59.08
59.199999999999996
59.940000000000005
60.129999999999995
60.260000000000005
60.150000000000006
60.22
60.709999999999994
60.370000000000005
61.42999999999999
61.550000000000004
61.49
61.24000000000001
61.85000000000001
60.91
61.79
61.79
62.18
62.19
62.62
62.6
62.86000000000001
62.949999999999996
62.99
63.14999999999999
62.980000000000004
62.67
63.22
63.55
63.63999999999999
63.54
63.92
64.14
64.31
64.03999999999999
63.57000000000001
64.51
64.53
64.95
64.67
65.23
64.88000000000001
64.72
65.13
