6134.055001974106
10.0
16.2
29.43
41.74
45.72
50.1
54.290000000000006
55.300000000000004
57.9
63.31
62.93
65.7
63.660000000000004
68.41000000000001
66.63
69.32000000000001
67.94
70.19999999999999
67.13
69.78
66.9
68.96
68.34
67.0
69.81
67.5
67.5
67.81
65.8
65.42999999999999
65.12
65.64
63.36000000000001
64.42999999999999
64.19
63.129999999999995
62.519999999999996
60.809999999999995
63.91
59.21999999999999
63.21
60.050000000000004
63.4
60.77
60.980000000000004
60.08
60.419999999999995
60.129999999999995
58.040000000000006
60.23
59.19
59.099999999999994
57.720000000000006
57.14
58.309999999999995
55.53
58.45
53.580000000000005
57.75
54.690000000000005
56.720000000000006
54.559999999999995
55.66
57.35
54.49
56.58
53.800000000000004
54.400000000000006
55.47
55.379999999999995
54.25
55.21
54.37
53.169999999999995
53.449999999999996
53.459999999999994
55.16
54.99000000000001
52.78
53.800000000000004
52.12
52.28
54.39000000000001
52.92
53.449999999999996
53.53
52.800000000000004
52.400000000000006
54.82
52.28
53.12
49.480000000000004
51.54
52.01
51.959999999999994
51.11
51.29
52.17
52.09
52.21
