3136.7851424217224
10.0
10.0
10.0
10.0
12.04
12.57
19.85
22.57
26.619999999999997
28.24
31.180000000000003
33.15
33.379999999999995
36.4
37.01
38.080000000000005
39.839999999999996
40.19
40.03
40.849999999999994
42.1
43.769999999999996
45.07
45.67
46.6
47.75
48.35
47.93
49.71
49.7
50.43
51.55
52.239999999999995
52.43
53.72
53.55
53.959999999999994
55.04
55.730000000000004
55.279999999999994
55.82
55.83
56.21000000000001
56.589999999999996
56.21000000000001
57.269999999999996
57.699999999999996
57.76
57.9
58.06
58.15
58.74
58.550000000000004
59.19
58.96
59.230000000000004
59.230000000000004
59.4
60.19
59.660000000000004
59.660000000000004
60.709999999999994
60.79
60.83
60.68
61.19
61.7
61.24000000000001
61.78
61.67
61.650000000000006
61.8
61.99
61.89
62.79
62.260000000000005
63.18
62.73
62.470000000000006
63.04
62.870000000000005
63.339999999999996
63.019999999999996
63.4
63.36000000000001
63.660000000000004
63.78
64.13
63.57000000000001
63.5
63.65
64.73
64.45
64.59
64.28
64.67
65.0
64.64
64.44
64.85
