38165.087465047836
10.01
13.41
37.99
43.64
50.07
53.1
55.730000000000004
59.62
59.41
65.60000000000001
64.42999999999999
67.02
64.05
68.33
67.85
71.35000000000001
70.1
71.86
70.26
73.88
73.55000000000001
74.99
74.49
75.94
75.7
76.77000000000001
76.36
77.19
76.5
77.7
77.64999999999999
78.59
78.9
79.28
79.03
79.25999999999999
79.89
79.94
80.39
80.52
80.44
81.01
81.06
81.22
81.35
80.92
81.05
81.28999999999999
81.78
81.32000000000001
81.94
81.34
82.26
82.28
82.45
82.11
82.0
82.06
82.11
82.04
82.72
82.89999999999999
82.73
83.65
83.33
83.65
83.7
83.83
83.62
83.93
83.6
83.95
83.49
83.77
83.78
83.91999999999999
83.72
84.17999999999999
84.07
84.75
84.23
84.57000000000001
84.57000000000001
84.13000000000001
84.76
84.84
84.50999999999999
84.78999999999999
84.49
84.6
84.23
84.65
84.56
84.64
84.59
84.82
84.53
84.99
85.09
85.17
