6015.86266875267
10.0
16.02
29.160000000000004
41.730000000000004
45.06
50.0
53.81
55.00000000000001
58.02
61.42999999999999
63.05
64.92
64.19
67.38
67.95
69.16
69.78999999999999
70.88
70.53
72.55
72.1
73.39
74.08
73.61
75.56
74.99
75.88000000000001
76.02
76.03999999999999
77.57
77.55
78.17
78.72
78.55
78.61
79.36999999999999
79.0
79.60000000000001
79.69000000000001
79.92
80.03
79.96
80.32000000000001
80.46
80.13
80.64
81.54
80.43
81.76
81.14
81.99
81.62
82.24000000000001
81.88
82.14
81.93
82.25
82.16
82.98
81.93
82.33
82.82000000000001
82.61
83.19
83.2
83.12
83.25
83.57
83.5
83.63000000000001
83.71
83.27
83.93
83.88
84.07
83.74000000000001
84.42
83.61
84.47
84.24000000000001
84.28
84.28
83.50999999999999
84.41
84.72
84.82
84.78
84.41
84.48
83.76
84.28
84.68
84.8
84.61
84.87
84.69
85.22999999999999
85.1
85.31
84.97
