3274.8776960372925
10.0
10.0
10.0
10.11
11.93
19.86
22.16
24.59
27.62
29.189999999999998
32.190000000000005
34.449999999999996
34.65
35.67
39.72
40.22
40.81
42.620000000000005
43.120000000000005
43.769999999999996
44.940000000000005
45.300000000000004
45.87
47.94
48.25
48.32
49.72
50.129999999999995
50.660000000000004
50.4
51.05
50.2
52.14
52.2
52.78
53.53
52.96999999999999
53.959999999999994
53.81
55.11000000000001
54.04
55.13
55.22
56.49999999999999
56.8
56.620000000000005
56.92
56.71000000000001
56.71000000000001
58.14
57.989999999999995
56.84
57.42
57.63
57.620000000000005
58.120000000000005
58.60999999999999
58.379999999999995
58.06
58.08
58.989999999999995
59.08
58.77
59.06
59.43000000000001
59.12
59.36
59.86
60.19
60.029999999999994
59.98
60.5
60.550000000000004
61.01
60.699999999999996
60.49
60.73
60.980000000000004
61.150000000000006
61.199999999999996
60.9
60.6
61.150000000000006
61.41
61.63999999999999
61.47
60.980000000000004
61.5
61.550000000000004
61.38
61.550000000000004
61.309999999999995
61.95
61.83
61.480000000000004
61.61
62.370000000000005
62.25000000000001
62.6
62.370000000000005
