6195.018476724625
10.0
15.24
28.32
39.33
44.31
49.830000000000005
54.120000000000005
54.85
57.720000000000006
61.36000000000001
63.370000000000005
63.93
62.980000000000004
66.74
67.04
69.78999999999999
69.11
69.63000000000001
70.21
72.22
71.84
73.52
73.83999999999999
73.64
75.03999999999999
75.33999999999999
75.37
76.68
75.36
77.60000000000001
77.34
77.86999999999999
78.53
78.47
78.9
78.68
78.77
79.05
79.36
79.78
79.95
79.95
79.82000000000001
80.05
79.56
80.32000000000001
80.58999999999999
80.66
81.36
81.0
81.89999999999999
82.0
82.12
81.94
82.0
82.24000000000001
81.82000000000001
81.73
82.3
81.84
82.02000000000001
83.00999999999999
82.54
82.43
82.98
82.95
83.85000000000001
83.28
83.74000000000001
83.73
83.54
83.11
83.61
83.37
84.03
83.59
84.13000000000001
83.85000000000001
84.2
84.24000000000001
84.14
83.93
83.55
84.06
84.17
84.52
84.39
84.03
84.3
83.48
84.04
83.76
84.41
83.81
84.71
84.17
84.74000000000001
84.52
84.89
84.5
