37967.86688327789
10.0
12.97
36.24
44.29
48.93
54.230000000000004
53.349999999999994
53.33
49.81
51.559999999999995
43.62
46.93
38.71
43.43
36.91
43.84
36.52
42.28
35.99
41.589999999999996
37.8
39.21
38.800000000000004
40.67
39.89
39.73
40.150000000000006
38.6
39.93
36.93
40.04
36.99
37.15
34.510000000000005
38.31
34.56
37.26
33.300000000000004
36.13
32.550000000000004
32.4
32.21
30.39
33.07
29.160000000000004
31.61
30.130000000000003
31.05
27.439999999999998
31.580000000000002
26.1
30.8
27.750000000000004
28.610000000000003
28.52
32.41
26.919999999999998
29.959999999999997
22.900000000000002
31.3
20.28
28.610000000000003
20.76
25.869999999999997
24.08
25.96
23.75
25.779999999999998
21.740000000000002
23.71
21.29
23.44
20.48
23.89
20.19
25.19
20.419999999999998
21.98
18.990000000000002
21.560000000000002
19.54
20.51
20.62
20.27
20.26
20.45
22.75
18.61
22.62
17.96
23.84
18.98
23.04
18.45
20.979999999999997
19.28
21.36
17.88
20.849999999999998
17.990000000000002
