6348.512235403061
10.0
10.03
11.32
19.48
29.43
35.510000000000005
38.01
43.8
49.0
54.81
56.589999999999996
58.68
62.260000000000005
62.77
64.4
66.02
66.8
68.12
68.32000000000001
68.85
69.13
68.17
69.32000000000001
67.95
68.77
68.42
67.74
66.94
66.2
64.42
64.34
63.5
62.93
63.63999999999999
63.190000000000005
62.67
61.39
60.529999999999994
60.940000000000005
58.830000000000005
59.519999999999996
59.34
59.160000000000004
59.31999999999999
56.95
57.809999999999995
57.809999999999995
57.47
56.410000000000004
56.169999999999995
55.669999999999995
55.83
53.400000000000006
53.99
53.690000000000005
52.49
52.790000000000006
52.18000000000001
51.959999999999994
52.339999999999996
52.459999999999994
49.84
51.480000000000004
51.339999999999996
48.89
49.72
50.01
50.54
48.83
49.05
46.73
48.77
47.36
45.96
47.949999999999996
47.56
46.93
45.989999999999995
46.31
47.199999999999996
44.58
44.43
45.59
43.75
44.47
43.69
43.37
42.970000000000006
44.31
42.4
40.46
42.68
42.24
40.08
40.14
40.47
40.96
40.11
38.769999999999996
38.23
