2729.142578601837
10.0
10.05
10.0
10.0
10.0
15.45
19.2
21.33
23.22
23.46
27.51
31.879999999999995
30.080000000000002
31.790000000000003
34.58
35.42
35.980000000000004
36.82
40.62
40.88
41.91
42.15
41.89
43.07
43.919999999999995
43.84
43.69
46.68
45.25
45.879999999999995
47.36
45.59
46.489999999999995
47.39
47.599999999999994
48.199999999999996
48.86
50.3
48.55
49.669999999999995
49.65
50.080000000000005
50.07
51.239999999999995
50.9
51.21
52.0
50.8
51.300000000000004
51.839999999999996
52.31
52.78
52.23
51.980000000000004
52.019999999999996
53.73
53.339999999999996
53.2
53.13
53.61
53.33
54.1
53.64
55.120000000000005
54.59
55.06999999999999
54.65
55.410000000000004
55.489999999999995
54.690000000000005
54.74
54.87
54.279999999999994
56.089999999999996
55.16
55.379999999999995
55.69
55.230000000000004
55.65
56.18
55.83
55.13
56.02
56.910000000000004
57.08
56.88999999999999
56.97
56.87
56.75
55.800000000000004
57.220000000000006
55.69
57.21000000000001
57.19
57.29
56.89999999999999
57.17
58.089999999999996
57.220000000000006
57.78
56.87
58.160000000000004
57.31
56.410000000000004
57.68
57.379999999999995
57.76
57.75
57.14
57.76
57.92
57.95
58.26
58.919999999999995
57.989999999999995
58.60999999999999
58.540000000000006
57.65
57.769999999999996
58.69
58.10999999999999
58.42
58.989999999999995
59.19
57.99999999999999
58.52
58.809999999999995
58.78
58.48
59.08
59.38
59.19
58.699999999999996
59.24
58.81999999999999
59.099999999999994
58.39
59.13
59.68
58.220000000000006
59.519999999999996
59.98
59.0
59.53000000000001
59.440000000000005
59.45
59.29
59.31999999999999
60.0
60.3
