37238.528825998306
10.0
13.63
37.019999999999996
44.99
49.27
53.52
54.900000000000006
60.41
59.099999999999994
66.33
64.5
66.97
64.14
69.17
67.89
70.72
70.0
71.03
70.17999999999999
73.09
73.48
75.12
75.12
76.66
75.99000000000001
77.23
76.74
77.78
77.77
77.9
78.59
78.99000000000001
79.17
79.59
79.78
80.19
80.51
80.30000000000001
80.81
80.81
80.69
81.3
81.06
81.82000000000001
81.87
81.89999999999999
81.89
82.15
82.11
82.14
82.35
82.38
82.64
82.94
83.04
82.82000000000001
82.86
82.8
82.88
82.28999999999999
83.04
83.09
83.49
83.62
83.47
83.8
83.86
83.82
84.11
84.05
84.02
83.99
83.96000000000001
83.94
84.42
83.73
84.3
84.08
84.47
84.47
84.50999999999999
84.64
84.7
84.54
84.98
84.88
84.84
84.85000000000001
84.08
84.74000000000001
84.5
84.69
84.69
85.11
84.63000000000001
85.28999999999999
84.72
85.33
85.19
85.46000000000001
