3054.8507261276245
10.0
10.0
10.0
10.26
12.68
19.7
26.99
29.470000000000002
31.929999999999996
33.79
34.300000000000004
36.480000000000004
37.059999999999995
39.62
38.79
40.839999999999996
41.839999999999996
42.67
42.93
45.190000000000005
44.06
45.6
45.26
46.92
46.989999999999995
48.08
46.82
47.02
49.29
48.870000000000005
49.51
49.9
49.8
49.769999999999996
51.57000000000001
50.38
50.760000000000005
51.09
51.38
51.64
51.839999999999996
52.32
52.6
52.61
53.06999999999999
53.12
53.71
53.33
53.300000000000004
53.800000000000004
54.379999999999995
54.21
54.37
54.65
54.48
54.900000000000006
55.16
55.400000000000006
55.34
55.38999999999999
55.13
55.989999999999995
55.48
56.16
56.3
56.14
57.19
56.67
56.99999999999999
57.58
57.3
57.87
57.269999999999996
57.220000000000006
57.97
57.89
58.099999999999994
58.230000000000004
57.52
58.940000000000005
58.589999999999996
58.03
57.9
57.87
59.160000000000004
58.75
59.660000000000004
58.81999999999999
59.599999999999994
58.56
59.11
59.089999999999996
59.230000000000004
58.650000000000006
59.24
59.019999999999996
59.5
58.78
59.39
58.68
