3347.024904727936
10.0
10.0
10.0
10.0
10.05
10.15
11.81
14.799999999999999
20.04
23.9
29.15
33.17
34.33
37.25
38.53
39.51
40.82
41.81
44.12
45.14
45.0
46.54
48.339999999999996
48.51
48.65
49.519999999999996
50.49
49.29
50.74999999999999
50.870000000000005
51.480000000000004
52.25
51.82
52.51
53.03
53.0
54.059999999999995
53.959999999999994
54.269999999999996
55.169999999999995
55.15
55.34
55.800000000000004
55.84
56.32
56.19
56.37
56.830000000000005
56.98
57.16
57.28
57.86
57.50999999999999
57.64
57.47
57.66
57.489999999999995
58.01
58.07
58.379999999999995
57.989999999999995
58.160000000000004
57.989999999999995
58.48
57.92
58.8
58.93000000000001
58.720000000000006
58.919999999999995
59.37
58.989999999999995
59.77
59.88
59.06
59.74
59.91
59.18
59.57
59.709999999999994
59.489999999999995
59.64
59.77
59.650000000000006
59.699999999999996
59.91
60.24
60.38
60.919999999999995
60.8
59.95
60.17
60.589999999999996
60.529999999999994
60.62
60.89
60.6
60.58
60.62
60.78
60.72
