4910.198896408081
10.0
10.0
10.0
15.690000000000001
14.59
21.560000000000002
28.599999999999998
31.25
33.48
33.92
36.559999999999995
37.68
39.39
41.05
43.18
43.78
44.06
45.5
46.96
47.19
48.199999999999996
48.089999999999996
49.49
49.370000000000005
50.470000000000006
50.17
49.78
50.77
51.15
51.18000000000001
51.73
51.67
51.85999999999999
52.480000000000004
52.849999999999994
52.78
52.65
53.32
52.68000000000001
53.959999999999994
54.7
53.87
55.11000000000001
54.89000000000001
54.459999999999994
55.76
56.3
55.65
55.269999999999996
56.08
56.220000000000006
55.53
56.510000000000005
55.61000000000001
56.00000000000001
56.28999999999999
57.199999999999996
57.28
57.19
57.19
57.46
57.489999999999995
57.25
58.230000000000004
57.379999999999995
57.32000000000001
57.940000000000005
57.19
57.74
57.79
57.589999999999996
58.26
56.56
58.37
57.84
58.07
58.29
58.26
58.269999999999996
58.06
58.5
56.720000000000006
58.720000000000006
58.230000000000004
58.660000000000004
58.42
58.620000000000005
57.84
58.47
58.709999999999994
58.96
58.550000000000004
59.489999999999995
58.809999999999995
59.03
58.69
58.43000000000001
59.57
58.51
58.95
59.019999999999996
58.9
58.97
58.60999999999999
59.3
59.25
59.199999999999996
59.199999999999996
58.589999999999996
59.96
58.96
59.48
59.41
59.13
59.78
59.3
59.85
59.91
59.14
59.45
60.260000000000005
60.260000000000005
60.260000000000005
58.69
59.77
60.06
59.46
58.989999999999995
59.599999999999994
59.34
59.41
59.45
59.07
59.86
59.330000000000005
59.56
58.35
59.019999999999996
59.28
59.4
59.58
59.919999999999995
59.07
58.46
60.07
59.81999999999999
58.87
58.940000000000005
59.28
59.4
