2.342606108659392
2.5863150532837884
1.6485997476395529
1.5155912994579146
1.3599995063368682
1.277465417886236
1.2302077203799204
1.1363501093190187
1.1872354924299156
0.98397567165885
1.0533309711772165
0.9770121631348968
1.122661862403724
0.9418416068812084
1.0021502497089896
0.8638086810613134
0.9515283198872949
0.8481800660585902
0.9836701181284182
0.7939045881010165
0.8530209430843402
0.7562376302518662
0.8165741194585326
0.7312735476691252
0.7750544743553088
0.7073457163230629
0.7382263787992441
0.700556355866657
0.7376427240432448
0.685160878357614
0.7019855894480541
0.6533580121530849
0.660964376797342
0.6336580285221148
0.6469132452254083
0.6364500113543431
0.6169862416899128
0.623463365777283
0.6064368928693662
0.6032642516171097
0.6083959640970655
0.593503560135319
0.5940120074969188
0.5788142232188753
0.574000810646707
0.5929932450033297
0.577813780421664
0.5821635854092373
0.5718763281775129
0.578051641393619
0.5746514726975921
0.5695814705768208
0.5621326709059393
0.5492497924596641
0.557115042095731
0.5668478733415057
0.5692611722999318
0.5615924403166316
0.5675991802078904
0.5705764886869746
0.5464822418370824
0.5474834742060133
0.5357648769191875
0.5234956001020541
0.528632739546952
0.5173203201050971
0.5243832631285783
0.5195969529212661
0.5200875194589044
0.5109817567904285
0.529085642023451
0.5131211102388467
0.530328047882979
0.5185168196631086
0.5201085705286378
0.5184842816014199
0.529130898653322
0.5079990280851437
0.5201518826993408
0.5019209293802832
0.5059064759570322
0.5030336888732424
0.502743292291453
0.5245454338895288
0.4943558218752503
0.4985963627221478
0.507877050311702
0.49933559319395926
0.5170644401175202
0.5031964055671814
0.5259821901845324
0.5069608054343303
0.5166384077565686
0.5063319494769831
0.5214706670706439
0.4988299580706153
0.5187339980131501
0.4995746516687855
0.5059946764996097
0.4968940552063049
