2.306160226749007
2.31321391937839
2.3204273964948716
2.2591381862664677
2.256402387740506
2.0614021386310553
1.9417068927910677
1.87469974293071
1.831559330794462
1.7934033308818842
1.75667320846752
1.7257996592552038
1.6813269504316293
1.633925827445498
1.5983877250343372
1.5826188561263357
1.555854700173542
1.5303587146625397
1.5066053358612546
1.4880219014586917
1.4689635926750815
1.4726246815578194
1.453513033830436
1.4448374980574201
1.4189512441112737
1.4168810647004728
1.4162217629183629
1.4090191004382577
1.3895861214133585
1.3854579910351212
1.3777398113991803
1.369258099300846
1.3663462294135125
1.3610542944282482
1.3496099915474085
1.3473574340723122
1.3477753005969297
1.3474889765879152
1.3519351444426615
1.3293660229938045
1.3063784089817363
1.330739211124979
1.3064063810239173
1.291938324642789
1.3045931826731203
1.2851730414256928
1.2700832577268029
1.2769265713965057
1.2903527101134038
1.2752416669183475
1.2706845877276864
1.2811614092747876
1.276616016770624
1.2901682732211557
1.2883128041674377
1.2775894862831019
1.2533131526533965
1.253010672368821
1.260494653206722
1.253288684377245
1.2485112316289526
1.2460522017661173
1.2530223655093247
1.2360889387738174
1.2428760486803236
1.2533520019737778
1.237513156073868
1.2532290170906455
1.2472856602850992
1.2396109388892058
1.2448144817048576
1.2330617399732018
1.258497133376492
1.2298481415031821
1.2384492136110925
1.2360226777708454
1.233147702399333
1.2318239086752485
1.234388310058861
1.2295466399496529
1.233309099628667
1.241182676166486
1.2222377752802174
1.2396423661025466
1.2361679339105156
1.2341323168414413
1.2231812249323366
1.2407228081089676
1.2322198368941144
1.2310286794498468
1.2188693782326523
1.2235608264139504
1.2144499660297563
1.2305299837118502
1.2195801662791306
1.228628090612448
1.2344906402241653
1.2104148344629129
1.247801476603101
1.2255791140969392
1.213617585267231
1.2166136901849394
1.2195192708331308
1.2349054874128598
1.2221918406000563
1.2178840967500286
1.2234153405875916
1.212045320659686
1.2265089423793136
1.2025409997648495
1.2231010931312658
1.2159550155803656
1.2203845408312075
1.2195622154102204
1.2208497379995455
1.2320372466069118
1.215554507674685
1.2146511491696546
1.2286822302326275
1.2165721036066675
1.2103456387853926
1.2172870708119339
1.2039968018319196
1.2376927946023881
1.2100610630527424
1.2136754021523104
1.219580045930899
1.2339967584154408
1.210621777993099
1.2333014372048106
1.2227719783023665
1.2316380929035746
1.225961585333393
1.2189764353879697
1.2167057937877193
1.2246451210823788
1.2613576893593854
1.2479583302121253
1.2273641281826482
1.2309601128480996
1.2335366230861398
1.2207930763815618
1.2312048715390977
1.2499388084290133
1.218086697493389
1.2275609787862012
1.250749254302614
1.2399587874199933
1.2386927695790673
1.2386413713929
