2.305599533068906
2.3076901359922566
2.3074749579095535
2.322340295572949
2.264205616750535
2.1103597484576473
1.960678172718947
1.9000223753558603
1.865546295597295
1.8127473592758179
1.7923113806232525
1.7557052009424585
1.7376234728819246
1.6925509515082
1.6985843416991506
1.6512450997237187
1.6335659976218158
1.61662483367191
1.6030395144869567
1.5578179442958466
1.5587192432136292
1.5333057573646496
1.5204769069222128
1.5060949272410884
1.479868197896678
1.4668631219560173
1.4887740847411428
1.4799079925391325
1.4474158742625243
1.4408205102203757
1.435977264574379
1.4209103607068396
1.420015853681382
1.416048727977048
1.4061141310224108
1.4044464386192856
1.3884475823420628
1.3850121065309853
1.3859333308639041
1.3710903438033573
1.3744960248849953
1.3691763247653936
1.362749704889431
1.3542857428265225
1.3403595488542204
1.3382065622669876
1.3334105143881148
1.3431294549043011
1.3407905466237646
1.3248014632304004
1.3122140928438515
1.323149595290992
1.3202267004426118
1.3014091412732556
1.3154726620692356
1.3027102909270365
1.2979347424901975
1.296087796521035
1.2964487501010773
1.289183122337244
1.2992924869440163
1.2909684545674902
1.2870171814207818
1.2713567512050556
1.2811323988969159
1.2882515958919647
1.276260765115167
1.2791751459905296
1.2739192604259322
1.2723660731011894
1.2683162419659317
1.250339328103764
1.2675003629581185
1.264778869167255
1.2603252602230972
1.2672619102107492
1.2576747194976563
1.2552532022166405
1.2556327573812691
1.2408847220384391
1.2312030184800458
1.2483687169232947
1.256281602534519
1.2635969549986967
1.24036841407703
1.2458991237506745
1.2285392086976652
1.2372898546753415
1.235430832881077
1.2460292110777205
1.2341915361440865
1.238591629988069
1.2423905005120928
1.249256004193786
1.2362849275777295
1.2421735821256212
1.2322856054943838
1.2451463971927668
1.2393692625556023
1.2489728992152367
