2.388794967323352
2.483658669101205
2.3960648630834687
2.2662306363415565
1.9625910414252312
1.757472919051055
1.7099879554882171
1.5742087500869848
1.4815074349664579
1.3045853687699434
1.2596511442190523
1.198013038771927
1.1230275908093543
1.1077907802952323
1.0696943018846452
1.0134834985064853
1.0080500666502934
0.9812061498119573
0.9810163037032839
0.9654256420530332
0.9669772921853764
1.0092863425327714
0.9932180859480694
1.0362270299796086
1.0086523237501739
1.013751386457188
1.0623536546518848
1.098395410237039
1.158928443292144
1.2530500345928655
1.2415430724241172
1.2875950811015573
1.3180791412948802
1.301515978992365
1.3286661600611012
1.3555806351315445
1.428499229394706
1.4450215818775687
1.4497827997632846
1.5610770647692833
1.5252777114035978
1.525104143057659
1.565004170320596
1.5774671982048423
1.6888387844820691
1.6517513288054497
1.6626433722532479
1.6394346960031303
1.7610968161540426
1.7343376123221816
1.798390766617599
1.7733158192057519
1.895791544276438
1.9002229013260763
1.932853275043949
2.038688090956135
2.033040401282584
2.0698428283071824
2.1057425874054054
2.071371351078058
2.10259215619154
2.333382027923681
2.158769777625989
2.235934623487436
2.398250638299687
2.3189360662630407
2.3056421135641205
2.3133236048327888
2.3483906308556817
2.362062884743806
2.612633832700693
2.425853783917275
2.5468723933408213
2.695062325258923
2.533263500329036
2.518100759785646
2.5303333238431605
2.6028364312117267
2.665831067000225
2.6547405757721823
2.814041322203958
2.768102043753217
2.8007616966393343
3.0022322114106195
2.905284895259104
3.042009968666514
3.050494552417925
3.1685257884347515
2.931271247803026
3.2021841213202022
3.552069190201486
3.1902877844063338
3.2531317859698254
3.620804653046237
3.575646658611905
3.460466898171006
3.492337731039448
3.637468287899236
3.738493134261696
3.9954697296118282
