2.306314800954928
2.309601353991563
2.3062268032389843
2.3211954687811005
2.294949455625692
2.2909973077713306
2.1002170022126214
2.03274292626958
1.996113405106174
1.9273108593217887
1.8864892037810794
1.8217227595626928
1.823161975593324
1.7585374914157164
1.7346037641452376
1.7116535917209212
1.6826190667547238
1.6509636967045487
1.6678800932161368
1.6323338648316208
1.5926453042182194
1.570010457828546
1.5353252857354036
1.5212578302735735
1.4989268741789896
1.4682390872080615
1.4509339218686341
1.4479901327449045
1.4154879477373354
1.4107738330865363
1.3950663235536807
1.376076720322773
1.3544328470898281
1.3500086251337817
1.3279863064456139
1.3306883657054536
1.3115793884180154
1.2987836553792285
1.2861430493130046
1.2807158869542894
1.2756044743167367
1.2726234379847339
1.2602740548978186
1.2473646299854206
1.2538287810459259
1.2361711609135768
1.226030583214608
1.226480786587782
1.2230245429239455
1.222338736436929
1.214618018478345
1.1919700757713074
1.2002049149221676
1.186707013351902
1.1856715383043714
1.1797346662563883
1.1820834749823164
1.1759899175091155
1.1590930523386427
1.167108828854409
1.1672851192723415
1.149080219542145
1.1440241268485973
1.135670125864114
1.1500930653256216
1.14167927328948
1.12705123576389
1.1389754262699443
1.1231774277747817
1.1281284632956146
1.121623519119943
1.1244231340991464
1.1193903316358091
1.1216678004355947
1.0957601700618769
1.1114065890099591
1.0947009104831962
1.0941276948922758
1.107228881234576
1.0962499687626104
1.096072841981414
1.087479961146215
1.0963582183904708
1.0871421375851722
1.0836724600974161
1.0745127455444092
1.0705132112381563
1.0752723080337427
1.0780543749499474
1.0751187900069412
1.0821327756924235
1.0602655619572683
1.0645180978592794
1.0581519045647543
1.0623024603363815
1.0504951002491507
1.0465043566788836
1.0533697567168314
1.06048212727164
1.0544109819041696
