2.3453606602492605
2.6549757301427754
1.6680372831927743
1.4924746303801324
1.3657438443724517
1.2654312427636165
1.3542499132217116
1.449099361896515
1.6697415265308064
1.6572287993825925
2.1095748205853115
1.9744177973194488
2.6170052115324958
2.320111392409938
2.8336355853232607
2.361193571880365
3.1383713051012365
2.523963039088401
3.2930588099607236
2.691470714891033
3.083806226207952
2.9747040211015445
2.9402515068175687
2.9146165316271935
2.837633740370441
3.091206047944962
2.788596221595813
3.0320283759171796
2.950324573334615
3.297472024419505
2.7951959090627683
3.2844732217727954
3.3022380588920255
3.5398483807873573
3.161217530062244
3.4545539321413465
3.346416862147629
3.917754569630714
3.479550679018543
4.10567419847865
3.8324517398882825
4.162645377930562
4.310582025795226
3.9555748541643667
4.6725977499773546
4.300562226848238
4.704393942644642
4.31586110212241
5.049421078080584
4.390328279726065
5.5305541153926
4.7506778103530785
5.298380868450092
5.089680770400223
5.182623834367011
4.677219667252461
5.611579688491335
5.101058970591065
6.64656260362856
4.86041629845929
7.549252127386202
5.428065746453158
7.209622890326627
5.8882475294125305
6.459449819698455
5.938590991269251
6.532369905216679
6.38157169985923
7.1540231188391425
6.783610456308741
7.936969638630083
7.204689208109667
8.512565740354502
7.128714294190619
8.244398381300034
6.876193429254423
8.842670240219991
7.825256311210098
8.996092711284662
8.219931110454972
9.054561089558206
8.880377198480497
8.972283175037166
9.011739545567021
9.180417079075127
9.002304183449715
8.41880019607058
9.903264334247371
8.496102172098341
10.561429953119557
8.253341188855991
9.995578331552494
8.778461702310356
10.645046300948804
9.469511293301917
10.00492539375451
9.526942930403788
11.247842320970669
9.999795527974511
11.010413941304396
