2.303827956983238
2.305268504817015
2.3053232256773932
2.327124660941446
2.3241086978061944
2.229540267567726
2.117019688247875
2.0737862207327677
2.018767299166151
2.0212560368191665
1.9474640780953085
1.8802763208462174
1.8808155697622118
1.8314587956021546
1.8025422164588978
1.7766448236574792
1.7582907562802552
1.732729529119601
1.6864155477778926
1.6804341237256482
1.645938187647777
1.6471527890794595
1.6433796366308904
1.5989947820165356
1.6000380576795834
1.6090443248202086
1.5691710216983867
1.5407018342595191
1.5522096240596406
1.5290666659166858
1.5134828698103595
1.518705921567929
1.5114319552281859
1.485916120990826
1.479107352578716
1.4742509627797802
1.4544782782815824
1.4364677781512023
1.4527977165902497
1.4399886677978904
1.426947087239308
1.4246656150574897
1.420819114727579
1.384564175727261
1.3923189503372095
1.3982138777994046
1.3758690569810808
1.3845725925105392
1.3832330400017416
1.366902780380978
1.3640460428918244
1.3606037402608593
1.3598188306115995
1.369811692814918
1.3648142807043282
1.3333693082165565
1.3369347365798465
1.3403286197382933
1.3400888579666235
1.3265429104969
1.322701204354596
1.31797990829322
1.325602365147536
1.301870974006167
1.3134744603922412
1.3032224030251716
1.3085278447266597
1.3076678818198526
1.293912702684949
1.2993922734716137
1.3106060810149855
1.302227928380298
1.3167044751963037
1.2848979435908567
1.2947310251035509
1.29968910536189
1.2855886832164352
1.2938512556112496
1.2813081107321818
1.276926818926623
1.2756753465172592
1.2897462267784556
1.2807930100495648
1.2551870011979607
1.2544158560455225
1.2662554034002267
1.2556204074507307
1.2642566182051496
1.2678927718454105
1.2742740656160245
1.2651206133471933
1.2777311376705291
1.2473712495178173
1.247842426133004
1.2502004902833586
1.25648993975038
1.2430087426665481
1.2356090067298549
1.2451603405035225
1.2364384372522876
1.2459528169054894
1.238296725947386
1.250168190640249
1.2465770293952554
1.2366506373806365
1.240696359591879
1.2386644714197534
1.226919853003921
1.237800950457336
1.2317463349384867
1.2335075398159634
1.2416233743072316
1.2235693988526704
1.219589483965734
1.22958226416521
1.2236162127962538
1.2192102458067
1.2294137367777005
1.2247187138363054
1.2174803045145266
1.2193669946330368
1.203276360110872
1.203717308439267
1.209108653721536
1.224742975584261
1.2126035549838072
1.2125954111670232
1.2169670770122747
1.2095285581934982
1.2061292213998782
1.1949256373818513
1.211982121513148
1.2184835604042004
1.2025954970128976
1.2047178377011778
1.2043789632760795
1.2131359710055551
1.20963332455629
1.1904958668787768
1.2212459615841034
1.2073845043303861
1.203081750566033
1.2012404871594375
1.2092145909169676
1.2046676593221677
1.20746731416435
1.2030006631924088
1.207702788957365
1.1950590743380747
1.1860890422657038
