2.331333664572163
2.7398805709401515
1.664506530306142
1.4733421711405372
1.3652444622319215
1.2706505982739151
1.253839788543191
1.1259039856825666
1.1937123104265541
0.9632965785682581
1.0549234804833771
0.966894264433794
1.1213337395601213
0.9215304348499153
1.0037623184501745
0.8756375430495875
0.9408467586632747
0.876549418374991
0.9819469277266484
0.8163279488587835
0.8554779911876484
0.7529271429131745
0.7854378923868678
0.7147728665998787
0.7555605032641417
0.6923265817818368
0.7153328309772881
0.6770227373025979
0.6957815767853124
0.6757718127244597
0.6701045053400052
0.6479966120355448
0.6623274423893849
0.6242836755552109
0.6262584780431857
0.6129874144769778
0.6071682164243831
0.6082336370162903
0.6066203164826532
0.5935250891811529
0.6041737021344482
0.5838518134158128
0.6004796435309064
0.5660811081813399
0.5628852372526363
0.568757229929517
0.5694476043342784
0.563103908566153
0.5635771499887393
0.5591515706982583
0.5568226564462018
0.553913455575135
0.5555120397145581
0.5473975052309644
0.5403251731471651
0.5498934933903871
0.5445776103408473
0.5513890674159785
0.5393635991272653
0.5650848506172751
0.5383266705995912
0.5413985386206086
0.5298915072611183
0.519256312186551
0.5246769412877453
0.5178040883913162
0.5219137380077581
0.5181349758889265
0.5127125687090455
0.5094245676022426
0.5207796000940784
0.5124147859918085
0.5199719472865391
0.514862574114921
0.5128738726400266
0.5188249430269193
0.5210530769293475
0.5125430345914925
0.5101195874677342
0.5016407392397049
0.5040876522755168
0.49756583381610314
0.501135535253461
0.5109412963413129
0.49391218070771287
0.49495408290131077
0.5000700568127784
0.49669828517421794
0.5182732973888422
0.4985891142088896
0.5210383901740335
0.504429492506252
0.5085179337840171
0.490039081994895
0.5081715860943885
0.4914998352337795
0.5127259708324056
0.48847436866942484
0.4961979309464716
0.48421830195150556
