2.3375330153544236
2.6846349133048086
2.7692832886033756
2.7484672236594423
2.258039945250104
1.9047974568263741
1.716992707768823
1.5900536092223636
1.4138931575094817
1.311548460820678
1.2455263992024075
1.2013655358059392
1.2437593040952257
1.3025046750238747
1.3759713389311627
1.521495334282043
1.6522542648254686
1.8426533641329237
1.9396279890825794
2.16676758201259
2.383006299377247
2.6569893952387913
2.7040842794308997
2.8700064701639163
2.9978588295590347
2.993274661386089
3.1280953094458126
3.5030235317861957
3.5740202035114264
3.873490816468646
3.9711938678838643
3.9207131467807064
4.440264486203528
4.397201342187869
4.437889831081318
4.615907707032124
4.699270959113054
4.994081623235326
5.110516815428522
4.930199800782902
5.3443679748826725
5.449306012718541
5.359875420855868
5.397243568092395
5.811464564815449
5.8295749099391285
6.082218115496787
5.96971189899809
6.33402493956742
6.107952357857091
6.231442050569377
6.469289752328471
6.621277101480278
6.666758245723263
6.746062290896276
6.821369386782312
6.74428784923189
7.089320489555408
7.503651424578041
7.361722663709313
7.768010847128121
7.667755448894137
7.453985287125703
7.608452851605263
7.775744672034197
7.5326186167966025
7.9499685961729405
7.825558920574796
8.30537912344477
8.099195367971044
8.33555939546816
8.753346421916014
8.903582946510072
8.77250745493895
9.16080046611227
8.853021940607933
9.033187659682742
8.77271622457322
8.97591270458926
9.323361858440812
9.801004816772073
9.774867121581059
9.690551961303516
9.607140656489475
10.118938245591085
9.928351851785258
10.267070114232933
10.620590489381438
10.59115115852113
10.481040420046277
10.388769444386671
10.86791313074197
10.735121459717963
11.027683391692532
11.001756267183145
11.175003185393704
11.323755148869411
11.833879792766206
11.619923020624052
12.074207311982562
