2.306537202968719
2.310816464150787
2.3109692661625565
2.3075503239965744
2.3311572044518343
2.202854505769766
2.012441740673818
1.9620812584640115
1.9307832725488456
1.8453916516273645
1.807096205699216
1.747688725495794
1.7038113258446856
1.6683207469381345
1.628323001466739
1.6113695954061618
1.5863893578766257
1.5400365507526763
1.5054588036932004
1.4734000521860304
1.4718441530397743
1.461198377761112
1.431794796779657
1.4104750824582046
1.3945658077859575
1.389774390087006
1.379112828309369
1.35973573034736
1.3572412486288958
1.3417015106055388
1.3332017204564088
1.354546842301727
1.3152260537360125
1.3053965173709166
1.30877188968051
1.2950963784175313
1.2906897629901861
1.286852990745739
1.2806092398181843
1.2698055296946482
1.2810447227423358
1.254530942743751
1.2567185190073245
1.246663983080797
1.2394074641974868
1.2386687432125116
1.2329298724794084
1.2378185300310707
1.2377993768187845
1.2253911529377008
1.2126276694285643
1.2328982922681577
1.2122420881204545
1.210034869658719
1.2098894517892484
1.2093511364262575
1.2027321503420545
1.196108102039167
1.1965121095347557
1.1997961079239086
1.191270653988905
1.1770687949885228
1.1745287005309086
1.18971472523015
1.1834702970116002
1.1854480816300508
1.1725855849351092
1.1821643114089966
1.168834032146794
1.1851168195153499
1.180071473880938
1.1746842515696385
1.1691678060088189
1.158606895595599
1.1634017426496859
1.1536284229557985
1.167465118845557
1.1630644411038442
1.1628222886923771
1.1505591755460023
1.1541492798525816
1.1701269130797902
1.1600492209385915
1.1459648104230309
1.1539315319364998
1.1484304928475884
1.1512655357646335
1.1532184181699328
1.1458619335654434
1.150145111569933
1.1527937722813553
1.1447995339229609
1.1358927894549764
1.1409856897250863
1.1372593295801976
1.141918587456843
1.1422679302798715
1.125543350247061
1.1365416501737704
1.141574143983756
