2.379517834657317
2.2254725109999347
1.8123102598129563
1.5797252670215194
1.4696783753717022
1.3692405239032333
1.2703024596924994
1.2287676311602258
1.189003218890755
1.082248294049767
1.0462650633921289
0.9936669036081642
1.0225279741226487
0.9415881815989307
0.9360923406424796
0.8804245724040232
0.8845524229821126
0.846297942339235
0.8638816096220806
0.7870035640373352
0.8292847953404591
0.7761892406803788
0.764144173852957
0.7775309444612758
0.7260845235198926
0.7332638623608145
0.7063060064983976
0.703933243728747
0.7174511288002039
0.6640763385280682
0.6596512999504235
0.6440389708728548
0.6369447742298151
0.6494832135689487
0.6301955455427717
0.6196450255099376
0.6185369666214962
0.6161383111385783
0.604939972708939
0.6102190078443782
0.5942809090113185
0.6079460978507996
0.5838586283717185
0.5876139611195607
0.5901769832441002
0.5851041731561065
0.5596361777205376
0.5854214365315286
0.5560040084799384
0.5672165442044568
0.5506567277346447
0.5557252907069625
0.5453642297322583
0.5493722185967075
0.546602203967465
0.5569939010652007
0.5429072138989807
0.5535390147357989
0.5314500896604197
0.5559786556253008
0.5470234812444942
0.5373141359371744
0.5388647500117114
0.5289750356393256
0.5275501100121031
0.5260986034657545
0.5167008347951683
0.5221861921677924
0.5191018663014576
0.5167634320107235
0.5121162120893503
0.528142610552964
0.5142122373269622
0.5200422755472219
0.5020678516975634
0.5179337285886145
0.5014401661932089
0.511888934168846
0.4974048999464436
0.49985834690415937
0.5025742691793259
0.49739058230333266
0.5176732169025263
0.49453451517660907
0.49323216156595073
0.49049537927861425
0.49664841535364745
0.49869781561717863
0.503731249054526
0.5146146170842419
0.5125021226466842
0.4941184925995055
0.49546420099628957
0.49594085022902035
0.4905036956451501
0.5008647513997023
0.4827733440383984
0.49144304491532076
0.4809873801697591
0.4923791317803085
