2.30537827910891
2.30874402052278
2.3063468021951663
2.310352288993301
2.313461006067361
2.3232998255711452
2.30915594860247
2.2552998688570254
2.1353583502921327
2.063862459674762
1.9366962446528635
1.825735682135175
1.8092454983170625
1.7585581100670395
1.7001562240017447
1.6663817440628246
1.6254666755153875
1.6057412844554635
1.563694949362688
1.5421171066867319
1.52614951285587
1.5063428719332264
1.4761657350382227
1.4532885657753913
1.4517846380829051
1.4340097987727753
1.4182229953207028
1.4411876019398877
1.4178406159589245
1.4122689628297356
1.3769833122848705
1.3803156849684988
1.3731290572767805
1.373678905189417
1.3595841044832946
1.3564155473830595
1.337493185025112
1.331215017920087
1.318793357557552
1.3181838404600787
1.315442870756623
1.2995416514433114
1.2923317790790727
1.2908758821001478
1.2972622342929718
1.2860168248984465
1.2780448817143775
1.275866898381786
1.2800224571471002
1.2645697320342824
1.262179206890665
1.2529608770540566
1.2541497949581997
1.2535677278877064
1.2538758261947875
1.2513065937977688
1.247544052114912
1.2509280238181921
1.2462148700550104
1.2418414312563124
1.2532781829499895
1.236417812906253
1.2456062124792937
1.2278501448357941
1.2441981009616974
1.2287202056046505
1.2257062804167438
1.2197281915670748
1.227694528497708
1.2196242015832548
1.2156910433131418
1.2108536237364362
1.2266250047714087
1.2257503005349712
1.2058516706630682
1.2098297461582597
1.2172644214265664
1.219115217779852
1.213034739160234
1.215263035267022
1.2185152453981387
1.216867133310646
1.213175000278813
1.2061889854965695
1.2024225061106835
1.2015517786809593
1.1998932536240596
1.1855757878084852
1.1885850224525305
1.2095939763792
1.1964798603847528
1.1921656708808461
1.1961046669893205
1.1892225446215101
1.1803241262010709
1.1864722158498824
1.1846132870692356
1.1829318780048637
1.1844656566146072
1.1879382384051183
