2.3737039960873356
2.2225379047879747
1.8309196484316685
1.6159127882331799
1.4903078466464
1.3671844210594324
1.25842414008584
1.2515819084112811
1.1983318811009644
1.0783342582404993
1.029930415806497
1.019671965936187
1.0662386341459433
0.9526706239220443
0.952666360861177
0.871819084616983
0.8940389687847939
0.8693460875256046
0.8772053617960328
0.8047592833543279
0.8383918541252233
0.7743323350408274
0.7688065953315444
0.7655535573792306
0.7366312404347074
0.7166798670960081
0.7178055587088227
0.6975938375968083
0.7254492112785388
0.6733922178198577
0.6667348180606867
0.6543647819643568
0.6389070863177062
0.6476792706425782
0.6262120152734647
0.6259214006791449
0.6238376762077307
0.6262324055668654
0.6074052838383207
0.6060410719008962
0.5948277392015335
0.601671807135746
0.5964993377020404
0.6012061654002803
0.6037141023927434
0.5976575926230971
0.575250159498233
0.5793551480884005
0.5620990718246266
0.576111143656597
0.5489859648381069
0.5544581439844363
0.5467259868694718
0.5496903652218497
0.5495744865791053
0.5520191679524767
0.5490626174553185
0.5587098122022713
0.5389149160521804
0.5529107411575925
0.5483573745390412
0.5337747426549341
0.5369224306314614
0.5370576756585176
0.5256199450439708
0.5273855296289844
0.510374290833048
0.5228608635010993
0.515558821380518
0.5097756707554411
0.5217940298614988
0.5207987105960299
0.5154723799342562
0.5155381122781972
0.5003177276842153
0.5160795814672093
0.4972787942666157
0.5043579009687824
0.5035467704959736
0.5004409244106074
0.5034016819706388
0.500213454483421
0.5114259507246078
0.497331896500223
0.4932839976754158
0.492072877610565
0.49144138016138866
0.5015082335586001
0.49983775292991833
0.5170255633676129
0.5123624137252759
0.5097015846496934
0.4997885887789878
0.51002967946089
0.49093113203716887
0.5006518778717441
0.491050518811888
0.4928123231526393
0.48045990136778277
0.49389166693398906
