2.306516671636302
2.310884451410573
2.312496094187354
2.3228228471841024
2.283232489968561
2.1441455115178587
2.044288398353917
2.0195656285923755
1.9728177618828548
1.8916249176499191
1.857794113979218
1.810669876967266
1.7848594014052372
1.7344008114687197
1.683345271523591
1.6692334481864979
1.6544179984718372
1.6053831106538226
1.5973278010726735
1.572084308429888
1.551627043705837
1.538804929727202
1.5174457009430904
1.484341034464016
1.4776841394460885
1.4636710130485
1.445143278237361
1.4270258967284184
1.4097094361189824
1.4037707216420752
1.3966063709016059
1.411500142638091
1.3752211233612839
1.3713485693476002
1.3556756859372376
1.3453037586941081
1.3506374769150071
1.3302258215132792
1.33147378332296
1.3085214203330362
1.3215246557430098
1.3014418087947142
1.299505903083048
1.2738999671237483
1.2672099581189975
1.2699851883444817
1.2645324741958812
1.2681986913559542
1.2722607570089353
1.2411310236165478
1.2397645579022207
1.26000887573145
1.2485024948029002
1.2426415609705979
1.2395529002900336
1.2362396246308733
1.218825287500005
1.2285283879869302
1.2222537106009805
1.2234328089246325
1.2135045103206756
1.1972716203920402
1.2079127567588903
1.2119833614416182
1.194309895585297
1.2031372512222096
1.2056790316940114
1.1936129096207346
1.1883182499059446
1.1873403852152977
1.1861859396764427
1.1732045693002688
1.1835573509240607
1.1705625843090617
1.1759473430882594
1.1800801233880838
1.1779953955085414
1.1679594816675611
1.162732223796237
1.1642597750493675
1.1643781525314234
1.1704861126887571
1.1648136050837814
1.1589589388507187
1.15934768679795
1.1567321062847307
1.1630009378597235
1.162655417326909
1.1607782009300913
1.1540970517571565
1.1523068509284098
1.1588961584552837
1.1545409450105801
1.1441145182415178
1.138782518304837
1.148441968450121
1.1476464214598296
1.1393142798144347
1.1380193563783245
1.1428228973583052
