2.30646969862045
2.3096014223280985
2.307542310398855
2.319543190063185
2.249347711065013
2.168855721783486
2.0402050139797723
2.0228212297342387
1.949908760702534
1.9333490277551542
1.9005959041559013
1.848352678262504
1.829699458589979
1.772751526468119
1.761799467597038
1.7322758990488234
1.7121374379297731
1.67248385271449
1.662408096015833
1.6446487569505241
1.5966578418282187
1.5708560989161207
1.5595683132766918
1.5346069540947107
1.514268562292597
1.4925677624477702
1.47342476343653
1.4804567690867527
1.4680295765020286
1.4256121535210093
1.4101915230416948
1.396575702983103
1.3826216170742254
1.3680837397362775
1.3539995441011563
1.3502809841921375
1.337936661805317
1.3342703725122342
1.3058472127671454
1.3034565600619954
1.3043257840879403
1.2806766929140516
1.276993380989998
1.2611367273482548
1.2505928372881214
1.2397826723991685
1.2274521665208658
1.2447390427255327
1.2174612655761137
1.2210942708003294
1.207671882620283
1.2072499253947264
1.203605742591202
1.1853034147031747
1.1870631381964227
1.1806655727374327
1.1794956747893315
1.1690841161521377
1.1720474225700281
1.153667355798612
1.1476572042058228
1.1483858804793874
1.1467669131649527
1.1413999875639653
1.138387035032746
1.1254877687259843
1.1225426694390122
1.12071507903421
1.1234515502953986
1.111884738988937
1.1275227905079057
1.1091582509362774
1.1052441319842248
1.1002364766066242
1.0994434163069269
1.093808355604767
1.095691041961597
1.094594767898511
1.0907609489313357
1.0819774828139384
1.0706661096803702
1.075114437349283
1.093808339279928
1.0708421225760394
1.0761211032320739
1.0683568442703053
1.06305669447419
1.0594111001415618
1.0543818462426495
1.0539213206358016
1.056540138022915
1.0642074752765096
1.0512604083225225
1.0401047005015573
1.0424474652405757
1.0429343827970468
1.0293185354038408
1.0364603054751256
1.037532872075488
1.031214625212797
