2.3773656331809465
2.192453412493323
1.7960539539908147
1.6015407287391128
1.4676618560863908
1.3610079782024311
1.2555144656995298
1.229732569235905
1.1912814868483574
1.031168774055068
1.0475212867092933
0.9794422733555933
1.036486132129742
0.9017384264879166
0.9575075939962059
0.8875588322900663
0.9485127796792681
0.8699918472842806
0.988516776425064
0.8940283390367108
1.0151757920623585
0.9423329701089556
0.96544742660158
1.0060011266143458
0.9277343064736409
1.0112973584490976
0.9866878238453227
0.995013521735076
1.0944805555282884
1.0960922214635618
1.1154914551479802
1.1107745440142929
1.2256848318561626
1.1817091369325188
1.172762544291794
1.235883968650915
1.2355346763209931
1.344984718189118
1.1797194727666818
1.4548881065313983
1.2426624119661416
1.4011736007253075
1.2595590432738042
1.3939789370366722
1.4112872511717924
1.4815168889464847
1.4759498432183722
1.4946332000623084
1.5814131726125242
1.45723748396916
1.5150546291071898
1.5477735996246338
1.6265379251188534
1.6768597728887182
1.6323676147278707
1.8323939302165038
1.5957501853347584
1.917692363641824
1.6707692935967902
1.895469477222224
1.790389267502317
1.8574172303934766
1.887032952278283
1.79149765345701
1.8875814266265578
1.8605031982348983
1.9989385301140463
1.9828926719677675
1.9437940834434169
1.9684475204747194
2.023092258508038
1.9644554048586802
2.0956055396681377
2.0558705481753985
2.0081654711134114
2.065567725782941
2.028305505491366
1.9928857543665892
2.176180902560046
2.1014673808577715
2.2914845017111225
2.2705437332201917
2.049251754572437
2.1994264695295103
2.273437116556107
2.116379132696018
2.281878242067471
2.293056546502812
2.0843117130789786
2.388941296346628
2.2352886374588983
2.6068386697465447
2.4624377200557928
2.4638037878996246
2.392185766226167
2.5344635058360496
2.490708890234589
2.436173879416885
2.481840536852551
2.510183445966927
