0.653342
0.577492
0.574598
0.60889
0.6202700000000001
0.5627899999999999
0.644054
0.5364720000000001
0.550406
0.52959
0.5874719999999999
0.607968
0.637618
0.598686
0.6124519999999999
0.5990939999999999
0.551912
0.606122
0.643236
0.593008
0.548778
0.641616
0.568664
0.637308
0.6406640000000001
0.6572
0.58859
0.533268
0.634992
0.65069
0.663816
0.629082
0.600348
0.6010840000000001
0.6518320000000001
0.6069140000000001
0.660282
0.67018
0.66265
0.6026779999999999
0.644992
0.531724
0.6450359999999999
0.6455919999999999
0.650808
0.6510360000000001
0.634744
0.6100279999999999
0.65701
0.626396
0.6379560000000001
0.65409
0.6231260000000001
0.641242
0.6396179999999999
0.65852
0.64086
0.627444
0.63829
0.6606000000000001
0.5548299999999999
0.658486
0.65663
0.6420699999999999
0.6651360000000001
0.607886
0.65896
0.580682
0.609924
0.6714800000000001
0.642344
0.6566040000000001
0.658522
0.6625019999999999
0.582972
0.617556
0.64118
0.652342
0.6800740000000001
0.652126
0.658228
0.633522
0.582144
0.6358940000000001
0.63402
0.671836
0.645936
0.614906
0.6654439999999999
0.6772639999999999
0.670944
0.61424
0.6333840000000001
0.6424380000000001
0.5957159999999999
0.582972
0.627822
0.658232
0.657102
0.588556
