0.686634
0.659042
0.5
0.6436280000000001
0.656666
0.675056
0.6951740000000001
0.669706
0.647104
0.634638
0.632176
0.67814
0.617708
0.705448
0.721522
0.6784939999999999
0.6760339999999999
0.704804
0.6962459999999999
0.66023
0.7085359999999999
0.691326
0.6750519999999999
0.680412
0.740014
0.7312879999999999
0.658144
0.5751160000000001
0.636138
0.689582
0.604808
0.690704
0.648418
0.7196400000000001
0.69145
0.6472080000000001
0.646138
0.659798
0.5855840000000001
0.634052
0.643508
0.630728
0.625656
0.668926
0.654774
0.6755179999999998
0.632
0.5770200000000001
0.5782499999999999
0.603718
0.6586000000000001
0.5742659999999999
0.60583
0.6676920000000001
0.609998
0.575678
0.617468
0.593968
0.555686
0.6097520000000001
0.5987119999999999
0.569312
0.598794
0.607334
0.611046
0.6451699999999999
0.619174
0.635026
0.590098
0.6430379999999999
0.60688
0.622502
0.594956
0.540216
0.62851
0.609246
0.644196
0.6356940000000001
0.648736
0.6299480000000001
0.603842
0.6179520000000001
0.5897920000000001
0.5732200000000001
0.62384
0.651752
0.590974
0.627316
0.5984539999999999
0.6314520000000001
0.622118
0.610262
0.60019
0.58644
0.596714
0.6514840000000001
0.553066
0.6091719999999999
0.599452
0.606788
