0.5483040000000001
0.5631060000000001
0.569746
0.6415080000000001
0.6243899999999999
0.531582
0.536936
0.53819
0.578374
0.508194
0.6288100000000001
0.567296
0.5722379999999999
0.59572
0.6198
0.573748
0.55911
0.599888
0.6104700000000001
0.535836
0.5563259999999999
0.654128
0.530316
0.594252
0.60146
0.590608
0.5742980000000001
0.539434
0.6142740000000001
0.524916
0.619248
0.523992
0.5036700000000001
0.54574
0.598932
0.568468
0.571506
0.5451699999999999
0.591966
0.5609460000000001
0.619378
0.442942
0.589074
0.6058139999999999
0.589766
0.5925199999999999
0.558692
0.5644939999999999
0.6135499999999999
0.5402159999999999
0.555562
0.587626
0.537378
0.5875600000000001
0.577056
0.558952
0.620344
0.518256
0.560332
0.572014
0.5141
0.607958
0.5576479999999999
0.519438
0.5968939999999999
0.59296
0.56181
0.503726
0.555542
0.577266
0.528712
0.596836
0.5641340000000001
0.6002339999999999
0.489902
0.61369
0.554436
0.572178
0.63307
0.588584
0.6398079999999999
0.616656
0.5599080000000001
0.554948
0.601944
0.5645359999999999
0.566696
0.571022
0.608694
0.5794759999999999
0.618782
0.5450060000000001
0.534458
0.5610999999999999
0.52367
0.46859999999999996
0.54483
0.564834
0.579584
0.535754
0.61307
0.647326
0.564732
0.54601
0.511794
0.547942
0.607856
0.5823179999999999
0.581104
0.60722
0.56684
0.53605
0.591536
0.6286619999999998
0.6012599999999999
0.560088
0.5635699999999999
0.535744
0.60046
0.561566
0.593752
0.568804
0.580566
0.545078
0.568086
0.5373140000000001
0.5476840000000001
0.6008140000000001
0.48211
0.6001299999999999
0.580446
0.592028
0.5842740000000001
0.6289020000000001
0.5679359999999999
0.610132
0.605988
0.5346380000000001
0.6213820000000001
0.5610780000000001
0.5714379999999999
0.565762
0.6147659999999999
0.5896779999999999
0.618532
0.54974
0.5827319999999999
0.55433
0.58696
0.6357100000000001
