0.658644
0.571658
0.589368
0.638532
0.600894
0.556324
0.622284
0.526664
0.579542
0.534336
0.6011960000000001
0.6027039999999999
0.648654
0.6112979999999999
0.6735619999999999
0.647482
0.614938
0.624248
0.6523299999999999
0.637144
0.573932
0.675584
0.55373
0.644516
0.628932
0.6672980000000001
0.619126
0.576906
0.659254
0.624786
0.598778
0.640668
0.615464
0.595452
0.679242
0.586036
0.6785059999999999
0.664414
0.62656
0.5996279999999999
0.6698379999999999
0.53889
0.616048
0.6393639999999999
0.667246
0.6498339999999999
0.6609400000000001
0.606974
0.638238
0.580382
0.6526700000000001
0.6797580000000001
0.605566
0.628708
0.6662859999999999
0.642798
0.651458
0.623586
0.6232519999999999
0.670022
0.5335099999999999
0.669
0.68401
0.61687
0.659448
0.669154
0.637074
0.532196
0.6285540000000001
0.645052
0.6102240000000001
0.65828
0.660654
0.6546439999999999
0.52752
0.662484
0.590526
0.6505739999999999
0.6734559999999999
0.6686420000000001
0.677988
0.608588
0.5978540000000001
0.60686
0.6551359999999999
0.660824
0.6191380000000001
0.6110559999999999
0.622716
0.6897840000000001
0.6825800000000001
0.6115160000000001
0.60398
0.637794
0.601664
0.55243
0.634112
0.627018
0.647796
0.613236
