0.54782
0.545562
0.604262
0.61202
0.630922
0.577164
0.564702
0.5300119999999999
0.538782
0.547344
0.589644
0.5257240000000001
0.5873879999999999
0.6069
0.5774520000000001
0.5441180000000001
0.5371440000000001
0.628088
0.6118119999999999
0.543648
0.570986
0.6332340000000001
0.543664
0.582636
0.6002500000000001
0.626954
0.5514600000000001
0.512224
0.634412
0.586452
0.604302
0.606082
0.5881379999999999
0.557536
0.631518
0.577994
0.579268
0.6038920000000001
0.610998
0.5352399999999999
0.6250659999999999
0.48707199999999995
0.565756
0.6279440000000001
0.653328
0.602282
0.591582
0.56874
0.578046
0.588578
0.58809
0.641076
0.559922
0.6045119999999999
0.64715
0.6322739999999999
0.607864
0.558056
0.571328
0.5909840000000001
0.529308
0.639826
0.615226
0.5762700000000001
0.6042839999999999
0.5946800000000001
0.617116
0.527756
0.597586
0.5945940000000001
0.5805239999999999
0.62477
0.630698
0.625412
0.534538
0.589526
0.550806
0.577324
0.6033839999999999
0.606546
0.6317119999999999
0.598962
0.604934
0.5698559999999999
0.6202840000000001
0.5963120000000001
0.6185219999999999
0.574194
0.620674
0.6508860000000001
0.614074
0.5675439999999999
0.552518
0.609616
0.5643420000000001
0.49873999999999996
0.611574
0.6112920000000001
0.594686
0.52596
0.607428
0.61505
0.555898
0.609116
0.509334
0.6132639999999999
0.645382
0.621546
0.582638
0.5970880000000001
0.6015539999999999
0.541534
0.570894
0.6380459999999999
0.616578
0.6154639999999999
0.6102939999999999
0.583608
0.588172
0.5328900000000001
0.589816
0.5862160000000001
0.6328699999999999
0.597674
0.550756
0.586452
0.59378
0.612112
0.528404
0.612986
0.638048
0.572062
0.55813
0.6217619999999999
0.6071719999999999
0.604008
0.6262439999999999
0.579854
0.60178
0.5308860000000001
0.5775659999999999
0.5445359999999999
0.652008
0.5809359999999999
0.5507
0.5894079999999999
0.6050599999999999
0.562576
0.6188619999999999
0.623922
