0.5213359999999999
0.635336
0.6632380000000001
0.532744
0.624398
0.627676
0.6664239999999999
0.6311219999999998
0.647044
0.595322
0.567708
0.5979120000000001
0.650438
0.6027480000000001
0.6160599999999999
0.5982939999999999
0.590922
0.595884
0.660202
0.596634
0.60712
0.63462
0.615344
0.618894
0.609396
0.62961
0.64775
0.604388
0.62395
0.611216
0.6191099999999999
0.61229
0.652664
0.650046
0.683268
0.6189779999999999
0.6128260000000001
0.6443139999999999
0.59542
0.665214
0.6375279999999999
0.646764
0.6746520000000001
0.657206
0.664358
0.62159
0.644786
0.640848
0.6343540000000001
0.6264599999999999
0.63831
0.6192460000000001
0.6561159999999999
0.645882
0.640136
0.599132
0.647448
0.630054
0.616552
0.6305780000000001
0.67444
0.643822
0.646082
0.639354
0.6238400000000001
0.6915579999999999
0.6227119999999999
0.6122839999999999
0.674682
0.622646
0.6566780000000001
0.58985
0.66168
0.628854
0.6139640000000001
0.65969
0.610052
0.650298
0.625594
0.6084180000000001
0.63381
0.64318
0.654522
0.625916
0.649146
0.616704
0.6397100000000001
0.628182
0.63816
0.6923980000000001
0.650958
0.6503559999999999
0.629358
0.6314740000000001
0.653718
0.6526359999999999
0.6682639999999999
0.6100400000000001
0.655266
0.6722300000000001
