0.660618
0.610556
0.55361
0.599016
0.656462
0.650328
0.583006
0.565206
0.553112
0.562032
0.5664180000000001
0.573398
0.5686959999999999
0.577256
0.5651160000000001
0.55259
0.576084
0.5844100000000001
0.6708120000000001
0.5885
0.572988
0.587144
0.5980840000000001
0.605272
0.581644
0.5996360000000001
0.58833
0.585044
0.685128
0.6107379999999999
0.59166
0.59187
0.60082
0.621468
0.612864
0.6011
0.58114
0.605204
0.6348619999999999
0.628846
0.596044
0.6284559999999999
0.6095079999999999
0.59004
0.602752
0.6277839999999999
0.61206
0.6232479999999999
0.6144160000000001
0.600942
0.64176
0.621242
0.6338820000000001
0.6202359999999999
0.63515
0.708
0.602116
0.625314
0.603098
0.6137619999999999
0.6293839999999999
0.621808
0.64691
0.6134179999999999
0.709396
0.5879939999999999
0.612272
0.639798
0.596906
0.596946
0.633226
0.623314
0.62893
0.621612
0.614628
0.5881
0.60968
0.593108
0.604548
0.596866
0.59958
0.6202799999999999
0.593572
0.583186
0.638812
0.681792
0.702672
0.62039
0.609024
0.620344
0.686578
0.6164239999999999
0.5992
0.603758
0.6219619999999999
0.6023419999999999
0.59101
0.605754
0.571348
0.629786
