0.531892
0.5487660000000001
0.603514
0.5954220000000001
0.603378
0.631154
0.6099220000000001
0.605372
0.5921740000000001
0.645462
0.572214
0.57957
0.6292519999999999
0.588406
0.6460919999999999
0.647312
0.622402
0.5784159999999999
0.6440699999999999
0.6465259999999999
0.651352
0.6768560000000001
0.629684
0.6506439999999999
0.61537
0.6310819999999999
0.64337
0.639248
0.654012
0.6477679999999999
0.612906
0.6703
0.641396
0.6436
0.6507339999999999
0.665924
0.6589780000000001
0.640222
0.636998
0.66155
0.6762520000000001
0.6662620000000001
0.6758279999999999
0.633442
0.6750020000000001
0.61723
0.670582
0.6630739999999999
0.62338
0.677588
0.664912
0.668926
0.6447299999999999
0.679116
0.636732
0.703628
0.643626
0.6804220000000001
0.6349659999999999
0.66806
0.6843
0.666846
0.6900740000000001
0.6858420000000001
0.662812
0.67017
0.649616
0.684432
0.6764080000000001
0.676462
0.655192
0.6671739999999999
0.670282
0.6404540000000001
0.661594
0.68013
0.661508
0.6459980000000001
0.621856
0.64361
0.638214
0.67508
0.67696
0.6770440000000001
0.640822
0.671156
0.654272
0.6972900000000001
0.67809
0.6776139999999999
0.66145
0.655384
0.669294
0.627058
0.68539
0.6631480000000001
0.6801940000000001
0.6652180000000001
0.6833560000000001
0.68236
