0.6403599999999999
0.549816
0.549558
0.55269
0.668768
0.656868
0.5577359999999999
0.589698
0.5950160000000001
0.6214660000000001
0.6199199999999999
0.600878
0.6547679999999999
0.569492
0.685414
0.582404
0.684458
0.60681
0.719976
0.6254599999999999
0.6447419999999999
0.648248
0.6529820000000001
0.6252040000000001
0.67624
0.6338119999999999
0.642576
0.651396
0.706488
0.65444
0.7111240000000001
0.6324000000000001
0.687982
0.643856
0.6941600000000001
0.656354
0.674148
0.678678
0.6896439999999999
0.66966
0.682128
0.6617219999999999
0.6349819999999999
0.658056
0.613044
0.670218
0.685306
0.673508
0.6767259999999999
0.686802
0.677018
0.678872
0.678494
0.68045
0.672224
0.729912
0.645996
0.685354
0.657264
0.687224
0.573366
0.688638
0.660444
0.7046779999999999
0.720592
0.646064
0.570732
0.659616
0.59538
0.693492
0.692298
0.6164339999999999
0.666776
0.677464
0.672526
0.693754
0.642628
0.677428
0.591652
0.678572
0.64998
0.670348
0.6734800000000001
0.681336
0.67863
0.714704
0.709646
0.688202
0.6776900000000001
0.65149
0.710268
0.6734880000000001
0.6904620000000001
0.6815140000000001
0.674838
0.674686
0.6896319999999999
0.6850179999999999
0.6788520000000001
0.53814
