0.6715300000000001
0.679996
0.6521939999999999
0.6234200000000001
0.6751699999999999
0.658612
0.6782860000000001
0.63973
0.694422
0.6756340000000001
0.6881
0.66766
0.702426
0.67941
0.6966600000000001
0.7154820000000001
0.7125119999999999
0.720972
0.7180780000000001
0.711728
0.74689
0.7352540000000001
0.738286
0.734018
0.74121
0.744866
0.72856
0.740706
0.696186
0.7609420000000001
0.721396
0.7341620000000001
0.747886
0.77744
0.7584380000000001
0.772122
0.749086
0.7687260000000001
0.7614600000000001
0.761868
0.745478
0.762648
0.758674
0.750706
0.7772119999999999
0.7493980000000001
0.7616379999999999
0.747818
0.7827599999999999
0.767696
0.7464840000000001
0.758806
0.761548
0.744716
0.7700779999999999
0.74077
0.734186
0.755298
0.746798
0.7934579999999999
0.760974
0.7626059999999999
0.7848639999999999
0.7490519999999999
0.7493040000000001
0.774172
0.7495
0.7143879999999999
0.7562880000000001
0.7531939999999999
0.7246119999999999
0.747618
0.766216
0.7591999999999999
0.7669860000000001
0.750002
0.783336
0.7464779999999999
0.7827
0.7467420000000001
0.7638719999999999
0.764968
0.749242
0.7384320000000001
0.775652
0.75883
0.7579379999999999
0.765268
0.7612579999999999
0.7406759999999999
0.728484
0.722378
0.7544580000000001
0.7217579999999999
0.7522859999999999
0.7663059999999999
0.7523179999999998
0.775922
0.744502
0.7637419999999998
