0.641746
0.5
0.67296
0.583608
0.667746
0.6861080000000002
0.651756
0.606648
0.6677040000000001
0.66903
0.618716
0.659878
0.6954079999999999
0.6513720000000001
0.672026
0.685988
0.664674
0.6600459999999999
0.672836
0.6111
0.6436299999999999
0.6185520000000001
0.585906
0.624094
0.592724
0.639626
0.636476
0.646308
0.624026
0.6362300000000001
0.5985039999999999
0.595218
0.6186159999999999
0.6142799999999999
0.624286
0.6121159999999999
0.61161
0.5946060000000002
0.6369199999999999
0.569292
0.6301380000000001
0.581434
0.64172
0.597526
0.59699
0.624676
0.56928
0.6271979999999999
0.615016
0.6083659999999999
0.5871
0.6415120000000001
0.612688
0.5783020000000001
0.633936
0.59604
0.605754
0.5928519999999999
0.599742
0.610272
0.564072
0.619288
0.591622
0.618666
0.588226
0.58367
0.6135320000000001
0.585148
0.599134
0.5794619999999999
0.5923740000000001
0.603254
0.59236
0.623906
0.583054
0.56428
0.57997
0.584494
0.5437919999999999
0.6254299999999999
0.579954
0.586518
0.56658
0.5828960000000001
0.5980919999999998
0.596812
0.588332
0.558186
0.556264
0.563412
0.5831660000000001
0.5725979999999999
0.52984
0.579538
0.618254
0.57198
0.5605960000000001
0.552616
0.586754
0.561466
