0.595934
0.5666
0.54964
0.569044
0.65486
0.637792
0.575854
0.615992
0.60747
0.628844
0.611886
0.5711299999999999
0.5999800000000001
0.602962
0.62346
0.622274
0.611038
0.634172
0.6345299999999999
0.612806
0.6511440000000001
0.6448699999999999
0.649094
0.6162839999999999
0.616512
0.642886
0.626978
0.627914
0.6627419999999999
0.670402
0.652916
0.6594720000000001
0.6507320000000001
0.663982
0.658528
0.6696639999999999
0.6326539999999999
0.60437
0.648578
0.6556740000000001
0.6447539999999999
0.6950519999999999
0.6818860000000001
0.667816
0.62483
0.651034
0.6550360000000001
0.567522
0.6382320000000001
0.6467579999999999
0.663664
0.68187
0.640922
0.659982
0.6414440000000001
0.690596
0.6474719999999999
0.680222
0.659238
0.6638480000000001
0.603272
0.68611
0.654276
0.660764
0.666444
0.64735
0.687502
0.6682999999999999
0.593542
0.642446
0.649366
0.65647
0.651336
0.648172
0.6566579999999999
0.674132
0.682068
0.6807
0.68639
0.6813220000000001
0.680034
0.659388
0.695686
0.7025760000000001
0.694016
0.704674
0.6862780000000002
0.66916
0.656242
0.6695139999999999
0.6883840000000001
0.616142
0.654288
0.6471720000000001
0.683632
0.683988
0.6547959999999999
0.6809
0.679254
0.6826979999999999
