0.638694
0.603702
0.671772
0.561366
0.6679400000000001
0.6189020000000001
0.717336
0.6990999999999999
0.743068
0.75067
0.734474
0.689086
0.699846
0.780334
0.67421
0.771748
0.771854
0.7991999999999999
0.775952
0.786962
0.79923
0.7774179999999999
0.787272
0.779852
0.814738
0.810808
0.75739
0.786432
0.805838
0.790198
0.8184039999999999
0.786084
0.768448
0.79575
0.81575
0.794134
0.783596
0.792416
0.777268
0.8042
0.81105
0.797094
0.788022
0.805744
0.788994
0.78948
0.801336
0.80453
0.810098
0.787396
0.7935639999999999
0.8030599999999999
0.8021119999999999
0.7826679999999999
0.739194
0.7765639999999999
0.784252
0.792896
0.812758
0.770416
0.780194
0.778676
0.793288
0.7939339999999999
0.798456
0.77451
0.7969
0.7802560000000001
0.792032
0.783722
0.785476
0.789558
0.762298
0.7956179999999999
0.7916559999999999
0.790166
0.778322
0.7846839999999999
0.786708
0.759454
0.767766
0.792334
0.779474
0.778722
0.78238
0.779348
0.743818
0.783462
0.789326
0.766322
0.783384
0.781322
0.7750980000000001
0.785012
0.76771
0.787478
0.779592
0.7799
0.763804
0.761576
