0.663518
0.653782
0.6613020000000001
0.6062979999999999
0.619458
0.697306
0.6686139999999999
0.7329019999999999
0.693016
0.7535540000000001
0.72413
0.703362
0.7620720000000001
0.7119359999999999
0.7050339999999999
0.691746
0.7099960000000001
0.712234
0.7673479999999999
0.6972119999999999
0.6985020000000001
0.7157260000000001
0.706868
0.65711
0.5844060000000001
0.6877719999999999
0.669088
0.6187739999999999
0.621478
0.609702
0.60778
0.6403040000000001
0.587452
0.631494
0.6137499999999999
0.586638
0.578722
0.5877439999999999
0.586128
0.599942
0.597024
0.603738
0.597702
0.566678
0.613172
0.587774
0.593256
0.566048
0.613426
0.548618
0.594936
0.583974
0.56382
0.5603340000000001
0.575216
0.5654980000000001
0.5745239999999999
0.590356
0.555666
0.564768
0.5351480000000001
0.573748
0.5747960000000001
0.5953539999999999
0.5809380000000001
0.5692
0.5764380000000001
0.553476
0.563056
0.549664
0.586902
0.537638
0.6034719999999999
0.5412239999999999
0.575044
0.5610379999999999
0.5133519999999999
0.549396
0.571896
0.58593
0.5497019999999999
0.558056
0.5712979999999999
0.559432
0.581494
0.55968
0.592736
0.56044
0.5411919999999999
0.554056
0.582626
0.557378
0.562388
0.536802
0.560854
0.549208
0.507584
0.5739380000000001
0.5624319999999999
0.542456
