0.6696759999999999
0.672602
0.653492
0.65205
0.676014
0.641678
0.65828
0.668696
0.66904
0.7280800000000001
0.6486460000000001
0.76858
0.742426
0.7214820000000001
0.75112
0.707054
0.7270639999999999
0.761232
0.7333900000000001
0.76322
0.713724
0.756536
0.718734
0.765072
0.7695379999999999
0.75737
0.7386159999999999
0.769072
0.7538
0.757192
0.71119
0.7748719999999999
0.74854
0.74584
0.7259739999999999
0.768088
0.7521939999999999
0.7445599999999999
0.782608
0.774254
0.75702
0.763336
0.774478
0.7762439999999998
0.7355240000000001
0.729648
0.763142
0.7476160000000001
0.774046
0.7513880000000001
0.744758
0.742074
0.791458
0.757072
0.753376
0.7518859999999999
0.740834
0.778292
0.751768
0.7260340000000001
0.762506
0.7522500000000001
0.7616999999999999
0.740264
0.739154
0.7666780000000001
0.758838
0.7659980000000001
0.7461380000000001
0.749602
0.752772
0.753786
0.7613759999999999
0.7572599999999999
0.7464839999999999
0.757436
0.769818
0.745754
0.7549980000000001
0.74656
0.75108
0.727514
0.752502
0.751038
0.744816
0.752204
0.739552
0.744858
0.748468
0.752128
0.7578039999999999
0.72951
0.753308
0.7465320000000001
0.734946
0.746038
0.747994
0.729004
0.761296
0.75253
