0.675184
0.5
0.64349
0.661716
0.67013
0.5
0.69763
0.653124
0.6274719999999999
0.635038
0.619282
0.679838
0.7459520000000001
0.6731779999999999
0.683728
0.7151020000000001
0.7031
0.668264
0.668002
0.7663880000000001
0.697466
0.7443019999999999
0.7135719999999999
0.6665880000000001
0.695842
0.672996
0.71413
0.7113479999999999
0.69991
0.69787
0.667842
0.688268
0.668126
0.6536759999999999
0.695684
0.6720480000000001
0.567976
0.707762
0.610488
0.58453
0.672898
0.683432
0.6557719999999999
0.623994
0.653834
0.545414
0.649466
0.5683159999999999
0.595302
0.615644
0.607436
0.689144
0.661822
0.6389380000000001
0.622028
0.65649
0.561444
0.635524
0.64865
0.645124
0.6531659999999999
0.626624
0.58316
0.641548
0.595004
0.6434719999999999
0.6402260000000001
0.566512
0.62473
0.573718
0.6618879999999999
0.535678
0.6423120000000001
0.5896819999999999
0.576842
0.6627479999999999
0.606396
0.610412
0.589546
0.586708
0.6026079999999999
0.557914
0.6181019999999999
0.58228
0.600474
0.53049
0.6066560000000001
0.60541
0.58924
0.649894
0.6003599999999999
0.64122
0.602176
0.649276
0.576722
0.586236
0.635404
0.548154
0.5653819999999999
0.5821999999999999
