11.073434352874756
9.99801254272461
9.920459270477295
9.829840898513794
9.757019758224487
9.8110933303833
9.81046462059021
9.750522136688232
9.827224731445312
9.741703748703003
9.780007600784302
9.83670973777771
9.738402128219604
9.796890258789062
9.775869131088257
9.795557737350464
9.806288719177246
9.762140274047852
9.789944648742676
9.820729494094849
9.784586191177368
9.826578855514526
9.787267684936523
9.837779521942139
9.831568479537964
9.77042031288147
9.841432094573975
9.766499280929565
9.797022342681885
9.82565689086914
9.759795665740967
9.802117824554443
9.787901878356934
9.793877124786377
9.827047348022461
9.782512903213501
9.81000304222107
9.819918394088745
9.778410196304321
9.821666717529297
9.77658987045288
9.801578283309937
9.478430032730103
9.368752479553223
9.421344995498657
9.320349216461182
9.304803609848022
9.313502550125122
9.28479290008545
9.294612407684326
9.254535913467407
9.310661554336548
9.320083379745483
9.257687330245972
9.304276466369629
9.318727731704712
9.252294063568115
9.314671039581299
9.286017656326294
9.313992500305176
9.325228452682495
9.290526151657104
9.387614965438843
9.374667406082153
9.422271490097046
9.402722835540771
9.33314323425293
9.391741275787354
9.33606481552124
9.349237442016602
9.382299423217773
9.35281491279602
9.37813663482666
9.384525537490845
9.347254276275635
9.398282289505005
9.333695411682129
9.406039953231812
9.403418064117432
9.345967769622803
9.411319017410278
9.345906972885132
9.393463611602783
9.409459829330444
9.351650476455688
9.385464191436768
9.348731756210327
9.390263319015503
9.39450478553772
9.335328102111816
9.400889158248901
9.386152029037476
9.36071515083313
9.407894134521484
9.33912444114685
9.379183292388916
9.412960767745972
9.344533443450928
9.40589189529419
9.351424932479858
