5.9289326667785645
4.7824437618255615
4.826084613800049
4.792168855667114
4.782672882080078
4.826192378997803
4.789191246032715
4.8306379318237305
4.7784154415130615
4.786250114440918
4.804644823074341
4.706725120544434
4.735617160797119
4.700464248657227
4.701212167739868
4.735605001449585
4.718203067779541
4.750401020050049
4.703477382659912
4.70870041847229
4.742442846298218
4.703530550003052
4.746637582778931
4.716537952423096
4.701884746551514
4.739630699157715
4.707567453384399
4.744906663894653
4.70711088180542
4.726794242858887
4.752993822097778
4.7003655433654785
4.7424187660217285
4.689282417297363
4.6908299922943115
4.7493650913238525
4.700686693191528
4.736364364624023
4.682243347167969
4.689642429351807
4.7301905155181885
4.686399459838867
4.739667177200317
4.67869758605957
4.684483766555786
4.552938461303711
4.498993873596191
4.541910886764526
4.52558708190918
4.506312847137451
4.545380592346191
4.511066436767578
4.548837184906006
4.494918346405029
4.506261825561523
4.5588698387146
4.507061719894409
4.559543132781982
4.498742580413818
4.508158445358276
4.546786308288574
4.506210803985596
4.555333375930786
4.493677377700806
4.49884295463562
4.537461757659912
4.51133394241333
4.5488502979278564
4.533813238143921
4.484573841094971
4.509822607040405
4.465851783752441
4.509537935256958
4.461045265197754
4.455052137374878
4.526604652404785
4.461688756942749
4.503121376037598
4.45708441734314
4.458276748657227
4.521397829055786
4.4909093379974365
4.54891037940979
4.48697566986084
4.49734091758728
4.526738882064819
4.489161252975464
4.539312124252319
4.499127626419067
4.498369932174683
4.533734083175659
4.4958508014678955
4.5303332805633545
4.4939610958099365
4.493266820907593
4.544367074966431
4.4896955490112305
4.534931898117065
4.494002342224121
4.49902868270874
