5.490360498428345
4.352954149246216
4.359140157699585
4.364068508148193
4.39702033996582
4.3645265102386475
4.380904197692871
4.401784658432007
4.358533143997192
4.357587099075317
4.578438997268677
4.66489315032959
4.6232383251190186
4.645022869110107
4.671438455581665
4.626574754714966
4.624135971069336
4.626471757888794
4.666139602661133
4.645965099334717
4.622538805007935
4.6281960010528564
4.665434122085571
4.6337995529174805
4.631348371505737
4.664038419723511
4.645156621932983
4.62703275680542
4.666449785232544
4.623183012008667
4.625244379043579
4.626668453216553
4.675816297531128
4.6324074268341064
4.623411417007446
4.658207654953003
4.625452041625977
4.630037069320679
4.626854181289673
4.687087059020996
4.616516590118408
4.624493360519409
4.62531304359436
4.657739639282227
4.620306015014648
4.635078430175781
4.653995513916016
4.615320682525635
4.616235256195068
4.661916732788086
4.404065847396851
4.366463661193848
4.396566390991211
4.397514820098877
4.359889268875122
4.361539602279663
4.356642961502075
4.39922833442688
4.3634727001190186
4.37366509437561
4.395134925842285
4.357594013214111
4.359088182449341
4.390323877334595
4.36503791809082
4.363814115524292
4.385640621185303
4.38740611076355
4.380843877792358
4.367636442184448
4.387025833129883
4.361370086669922
4.369815826416016
4.38735032081604
4.396717548370361
4.365040302276611
4.364920377731323
4.3813886642456055
4.394239664077759
4.3277552127838135
4.342073678970337
4.345444679260254
4.313267469406128
4.3142523765563965
4.349470853805542
4.319328784942627
4.315596342086792
4.331736326217651
4.343266487121582
4.311784505844116
4.3100810050964355
4.31998610496521
4.3392174243927
4.3164238929748535
4.324885606765747
4.3415608406066895
4.32252836227417
4.321632146835327
4.349764347076416
4.313581943511963
