4.1348042488098145
3.0029821395874023
3.0053927898406982
3.0067861080169678
3.0390145778656006
2.9942829608917236
3.0108370780944824
2.998152256011963
3.0414273738861084
2.9969143867492676
2.99835467338562
3.0100228786468506
3.060591459274292
3.0022571086883545
3.015245199203491
3.010061502456665
3.044975519180298
3.003605842590332
3.004699945449829
3.0046005249023438
3.0404703617095947
3.005147695541382
3.003127336502075
2.996337413787842
3.0408880710601807
2.995138645172119
2.990612506866455
2.9915478229522705
3.0458433628082275
2.997427463531494
2.9948794841766357
3.000225067138672
3.0454206466674805
2.9969828128814697
2.9957852363586426
2.9956576824188232
3.0431902408599854
2.9933173656463623
3.006377935409546
3.0033719539642334
3.040052890777588
2.9950106143951416
3.0006985664367676
2.979602575302124
2.977771043777466
2.9386301040649414
2.944586992263794
2.942516803741455
2.9790475368499756
2.938133955001831
2.9391183853149414
2.9406652450561523
2.9913547039031982
2.9382152557373047
2.9408209323883057
2.940631628036499
2.9766955375671387
2.9356319904327393
2.9400389194488525
2.943101406097412
2.975536346435547
2.93810772895813
2.957643747329712
2.9421322345733643
2.9829039573669434
2.946135997772217
2.9389030933380127
2.9414291381835938
2.983828544616699
2.9378113746643066
2.948009729385376
2.945472240447998
2.9959280490875244
2.939948797225952
2.9425747394561768
2.94105863571167
2.981144905090332
2.943638801574707
2.9413278102874756
2.940423011779785
2.9766898155212402
2.940505027770996
2.9493424892425537
2.9518980979919434
2.975189685821533
2.940020799636841
2.947582483291626
2.942221164703369
2.9775454998016357
2.9335598945617676
2.9480156898498535
2.9351518154144287
2.9827888011932373
2.951585531234741
2.9406895637512207
2.9474008083343506
2.9739882946014404
2.9431042671203613
2.9363579750061035
2.944047212600708
