11.264108180999756
10.192002058029175
10.190206527709961
10.177497386932373
10.20279574394226
10.176185369491577
10.171204566955566
10.187267065048218
10.16720962524414
10.17679238319397
10.190709114074707
10.145836353302002
10.146912336349487
10.178523302078247
10.165703535079956
10.165162563323975
10.182678937911987
10.156554698944092
10.164387941360474
10.164111614227295
10.157793760299683
10.157526731491089
10.17464280128479
9.660657405853271
9.575409889221191
9.648487567901611
9.581845760345459
9.590782642364502
9.611425638198853
9.560593128204346
9.482351303100586
9.513817071914673
9.499515533447266
9.518764019012451
9.52205777168274
9.5007643699646
9.48694920539856
9.488182783126831
9.50701642036438
9.490960597991943
9.483652830123901
9.509830951690674
9.476468801498413
9.476081609725952
9.511308670043945
9.485839366912842
9.492023944854736
9.542558193206787
9.484346628189087
9.486104249954224
9.51634407043457
9.489064693450928
9.465927839279175
9.48973298072815
9.48313856124878
9.512967348098755
9.537034273147583
9.550282001495361
9.524181604385376
9.540692567825317
9.552887678146362
9.539342164993286
9.522679090499878
9.556529760360718
9.623950242996216
9.638227701187134
9.67224407196045
9.647291898727417
9.653278827667236
9.67502212524414
9.665106296539307
9.667115926742554
9.69502854347229
9.704612016677856
9.670780181884766
9.687788724899292
9.666524410247803
9.659501552581787
9.662186861038208
9.682571411132812
9.654202938079834
9.666589498519897
9.680887699127197
9.658275604248047
9.653840065002441
9.664186477661133
9.644502401351929
9.633074522018433
9.686958312988281
9.647978067398071
9.636302947998047
9.673202753067017
9.650341510772705
9.639526605606079
9.664808988571167
9.646386861801147
9.667815446853638
9.68254804611206
9.659789085388184
9.65909481048584
