7.522934675216675
6.379659652709961
6.3867151737213135
6.404183864593506
6.39228892326355
6.42783260345459
6.373099327087402
6.38185715675354
6.444676160812378
6.3901989459991455
6.436397552490234
6.374087333679199
6.39367413520813
6.452808141708374
6.38929557800293
6.430730819702148
6.379897356033325
6.392876863479614
6.450151205062866
6.394710063934326
6.426716566085815
6.376668930053711
6.398321628570557
6.207512617111206
6.02851939201355
6.061566591262817
6.016073703765869
6.0499138832092285
6.073799133300781
6.019346475601196
6.062937021255493
6.0125572681427
6.044273138046265
6.063152074813843
5.995839595794678
5.999418020248413
5.947184324264526
5.981550216674805
6.004225730895996
5.962014436721802
5.96516489982605
5.9980149269104
5.969888925552368
6.028887033462524
5.963715314865112
5.969621181488037
6.0088584423065186
6.015154123306274
6.060689210891724
6.007935285568237
6.005371332168579
6.033655643463135
6.006953716278076
6.058696746826172
5.99863600730896
6.005686044692993
6.033695220947266
5.999515771865845
6.058566570281982
5.9929492473602295
6.000699996948242
6.042267560958862
6.0074663162231445
6.060908079147339
5.992918491363525
5.996939659118652
6.038130044937134
6.013769626617432
6.055988550186157
5.9949116706848145
6.00280499458313
6.0430967807769775
6.017191171646118
6.070643186569214
6.087364912033081
6.064263582229614
6.101212501525879
6.053389549255371
6.075197696685791
6.087970972061157
6.053332805633545
6.090886116027832
6.046037435531616
6.067369699478149
6.084949016571045
6.043905973434448
6.086469650268555
6.050721645355225
6.0598530769348145
6.087123870849609
6.041503667831421
6.0858824253082275
6.03213095664978
6.050060987472534
6.079304218292236
6.040277719497681
6.082350254058838
6.038182258605957
6.055705547332764
6.088045120239258
