7.692151784896851
6.583512306213379
6.539169549942017
6.581705093383789
6.569725036621094
6.537799119949341
6.548287868499756
6.590369939804077
6.572834014892578
6.525996446609497
6.592100143432617
6.558025360107422
6.564070224761963
6.5750346183776855
6.522048234939575
6.577280759811401
6.55393648147583
6.596255779266357
6.5485968589782715
6.5955023765563965
6.563248634338379
6.588439702987671
6.556520462036133
6.499695777893066
6.5005927085876465
6.46544885635376
6.508749008178711
6.462423801422119
6.506671667098999
6.497332572937012
6.4674694538116455
6.501994848251343
6.4612603187561035
6.504054546356201
6.4734718799591064
6.505533218383789
6.4552366733551025
6.497013568878174
6.451438903808594
6.504530668258667
6.45549750328064
6.487626075744629
6.454473257064819
6.489808559417725
6.493500709533691
6.438289642333984
6.499973297119141
6.443476915359497
6.489672660827637
6.3351030349731445
6.201342821121216
6.247919321060181
6.195945739746094
6.253689289093018
6.164062738418579
6.21674919128418
6.165905237197876
6.22016453742981
6.183515787124634
6.191329717636108
6.192265510559082
6.151796579360962
6.199419260025024
6.171217441558838
6.187901020050049
6.202842712402344
6.153740167617798
6.204909324645996
6.17861270904541
6.197718143463135
6.175703287124634
6.210808753967285
6.163808822631836
6.432074308395386
6.42540168762207
6.456863641738892
6.436192750930786
6.486815690994263
6.440397262573242
6.471915245056152
6.487020492553711
6.427745580673218
6.506969690322876
6.437471628189087
6.484237909317017
6.492685079574585
6.444982290267944
6.4914844036102295
6.436007022857666
6.484023094177246
6.4336183071136475
6.498079299926758
6.434459209442139
6.468285799026489
6.433355331420898
6.460004091262817
6.483473062515259
6.416723251342773
6.469912767410278
6.419169187545776
