9.48140025138855
8.407718181610107
8.407119512557983
8.371926069259644
8.341628551483154
8.398916482925415
8.404786348342896
8.403363227844238
8.350910186767578
8.421878814697266
8.40475583076477
8.40116548538208
8.406201601028442
8.331559419631958
8.410412073135376
8.434391021728516
8.422887086868286
8.353617429733276
8.412437438964844
8.417179346084595
8.4218168258667
8.355194091796875
8.415153503417969
8.423317193984985
8.399211406707764
8.378417253494263
8.3645339012146
8.404518127441406
8.40147876739502
8.396199941635132
8.363405227661133
8.407099962234497
8.413466691970825
8.389034271240234
8.398154020309448
8.355060577392578
8.408368110656738
8.422178506851196
8.425746202468872
8.351182222366333
8.433113813400269
8.432072162628174
8.39678692817688
8.377990007400513
8.3477303981781
8.439478874206543
8.375088214874268
8.420482158660889
8.443003177642822
8.419006109237671
8.404221773147583
8.364670991897583
8.412735223770142
8.428008079528809
8.420201778411865
8.360490322113037
8.430219650268555
8.418553113937378
8.422568321228027
8.393287897109985
8.414138793945312
8.429772138595581
8.413976669311523
8.373330116271973
8.427509546279907
8.418368101119995
8.412339687347412
8.390236854553223
8.354468822479248
8.41794753074646
8.435247659683228
8.40802001953125
8.36191201210022
8.423294305801392
8.411132574081421
8.37536072731018
8.362850904464722
8.336000204086304
8.387255668640137
8.400890111923218
8.38908338546753
8.369742631912231
8.423060178756714
8.42878270149231
8.416431427001953
8.38686752319336
8.354105472564697
8.417444944381714
8.382081031799316
8.407607555389404
8.01690673828125
7.948619842529297
7.9542012214660645
7.881975173950195
7.923155307769775
7.965004205703735
7.929239988327026
7.871025085449219
7.9781506061553955
7.963981628417969
