4.006344795227051
2.9420418739318848
2.906224489212036
2.907644033432007
2.9038546085357666
2.899688720703125
2.9369752407073975
2.8979241847991943
2.9016623497009277
2.9200234413146973
2.9054572582244873
2.9057729244232178
2.939366579055786
2.9031755924224854
2.901346206665039
2.9033427238464355
2.9068689346313477
2.9426722526550293
2.901033878326416
2.908756971359253
2.910315990447998
2.910741090774536
2.904757499694824
2.946948528289795
2.9094738960266113
2.91084623336792
2.912604808807373
2.9064950942993164
2.947575807571411
2.9088549613952637
2.9336788654327393
2.921471357345581
2.9105396270751953
2.920018196105957
2.950286626815796
2.9182472229003906
2.914832592010498
2.9119951725006104
2.919555902481079
2.91520619392395
2.96179461479187
2.9055752754211426
2.9249801635742188
2.923666000366211
2.906141996383667
2.9435956478118896
2.904254674911499
2.907083511352539
2.907628297805786
2.9077296257019043
2.914414644241333
2.949836254119873
2.9046249389648438
2.906503200531006
2.912431240081787
2.909087657928467
2.9363715648651123
2.9054343700408936
2.904970407485962
2.9028515815734863
2.9069111347198486
2.9222235679626465
2.9500622749328613
2.905682325363159
2.905341863632202
2.909144639968872
2.902385950088501
2.905761957168579
2.9382011890411377
2.906693935394287
2.9097533226013184
2.9187443256378174
2.9079036712646484
2.94287371635437
2.90783429145813
2.9060542583465576
2.9073140621185303
2.9081919193267822
2.9060416221618652
2.9455666542053223
2.906012535095215
2.9098827838897705
2.916677474975586
2.9030306339263916
2.906860828399658
2.9369940757751465
2.9023795127868652
2.9063079357147217
2.9049134254455566
2.908496141433716
2.9421515464782715
2.900501251220703
2.9201135635375977
2.9043161869049072
2.907534122467041
2.9094438552856445
2.9447953701019287
2.8992180824279785
2.9024903774261475
2.901620626449585
