9.318265914916992
8.168773651123047
8.209240913391113
8.160558462142944
8.126365184783936
8.070467472076416
8.120265007019043
8.071183443069458
8.121776819229126
8.083926916122437
8.108188152313232
8.074164628982544
8.094050407409668
8.052622318267822
8.070177555084229
8.05495309829712
8.066794157028198
8.021935939788818
8.07732105255127
8.058011531829834
8.07865309715271
8.049394845962524
8.088101387023926
8.039649486541748
8.071696758270264
8.039611577987671
8.080742597579956
8.0286705493927
8.06520676612854
8.033056497573853
8.098049640655518
8.036906719207764
8.069190979003906
8.047395706176758
8.076600551605225
8.03307294845581
7.872851848602295
7.715683937072754
7.740644216537476
7.690253496170044
7.722215890884399
7.700680732727051
7.737379550933838
7.698784828186035
7.724794864654541
7.727252721786499
7.7263031005859375
7.698946475982666
7.716694116592407
7.72168755531311
7.730756759643555
7.771728038787842
7.691240072250366
7.792285680770874
7.702568531036377
7.760524034500122
7.707463026046753
7.799951791763306
7.67408013343811
7.739819526672363
7.688897371292114
7.767867088317871
7.6729512214660645
7.723403215408325
7.6768927574157715
7.7447428703308105
7.665549278259277
7.739159345626831
7.671172142028809
7.7405407428741455
7.6609721183776855
7.73050332069397
7.663687467575073
7.731525659561157
7.670989990234375
7.73499321937561
7.685101509094238
7.740508317947388
7.67625093460083
7.722320079803467
7.701009511947632
7.731315851211548
7.677937984466553
7.712229251861572
7.669495582580566
7.729450225830078
7.662882566452026
7.72127628326416
7.686801195144653
7.734055757522583
7.674246788024902
7.713204622268677
7.679837226867676
7.70786190032959
7.673804044723511
7.717539548873901
7.688908815383911
7.732829332351685
7.68377423286438
7.740746974945068
