20253.806910037994
10.0
10.03
24.04
30.81
30.240000000000002
40.38
42.01
45.82
52.22
51.66
58.10999999999999
59.709999999999994
60.31999999999999
62.12
64.75
64.13
65.36999999999999
68.89999999999999
68.12
70.28
67.39
69.16
68.14
72.52
69.87
73.8
71.69
74.47
73.27
75.18
75.75
75.67
75.88000000000001
74.75
74.9
74.74
75.08
73.11999999999999
76.61
74.26
77.27000000000001
74.29
77.57
76.42999999999999
78.55
76.63
78.77
78.71000000000001
79.7
78.93
79.96
78.42
80.13
78.23
79.23
78.92
79.57
80.28
80.0
80.75
80.45
80.38
81.2
79.71000000000001
81.57
80.72
81.85
81.19
82.5
82.04
82.63000000000001
81.56
82.98
80.7
82.95
82.37
83.42
82.89999999999999
83.45
82.89999999999999
82.76
82.28999999999999
81.99
82.74000000000001
82.78
82.41000000000001
83.33
81.92
83.34
83.32000000000001
83.72
83.67
83.62
83.73
83.04
84.27
82.99
83.86
84.22
84.02
