3401.431240081787
10.0
17.07
23.52
33.660000000000004
30.0
41.099999999999994
39.77
47.42
50.27
53.5
53.779999999999994
55.64
57.29
59.730000000000004
59.589999999999996
60.050000000000004
63.27
64.42999999999999
64.74
66.57
65.91
65.75
65.57
68.28999999999999
67.04
69.53
68.52000000000001
70.77
69.96
71.36
72.11999999999999
71.87
72.94
71.5
73.26
72.2
73.65
73.11
75.32
73.5
76.62
75.58
76.92999999999999
76.2
78.45
76.78
78.08
76.75
78.97
78.05
80.16
75.91
80.30000000000001
76.28
78.32000000000001
76.94
79.92
78.06
80.06
78.77
80.96
78.75
81.34
80.74
81.28
81.46
81.32000000000001
81.47
81.78999999999999
81.82000000000001
81.78999999999999
82.5
80.51
83.09
80.5
82.24000000000001
81.58
82.80999999999999
82.43
82.88
81.49
83.44
81.01
82.99
80.72
83.28
82.26
83.7
82.5
83.67
83.38
83.17
83.39999999999999
83.0
83.46000000000001
82.28999999999999
83.39
83.27
83.89999999999999
83.17999999999999
