1832.2817318439484
10.0
10.14
10.0
10.0
10.09
10.0
13.8
10.0
15.35
11.21
21.4
21.12
22.85
22.91
30.5
32.32
33.339999999999996
32.550000000000004
36.49
38.190000000000005
39.95
40.150000000000006
42.11
42.39
44.91
44.379999999999995
45.35
45.97
48.49
48.3
48.82
49.09
49.89
50.33
52.25
51.17
52.05
53.13
53.03
52.849999999999994
53.239999999999995
54.33
54.96
54.58
55.31
55.730000000000004
56.69
55.52
55.83
56.589999999999996
56.92
57.21000000000001
57.63
56.830000000000005
57.95
57.53
58.13
57.99999999999999
58.269999999999996
58.34
59.160000000000004
59.160000000000004
59.21999999999999
60.24
59.3
60.07
60.06
60.58
61.06
61.06
61.36000000000001
60.73
60.309999999999995
61.480000000000004
61.58
61.29
61.61
62.19
61.650000000000006
62.39
62.51
62.470000000000006
61.7
62.839999999999996
62.46000000000001
63.55
62.93
63.349999999999994
63.349999999999994
63.44
63.800000000000004
63.0
64.31
63.800000000000004
64.53
63.690000000000005
64.19
63.92
64.08
64.67
