2.3038195652566897
2.3033541858575908
2.3096616146670783
2.3083070417877973
2.311212320995938
2.318413266710415
2.2630670055462296
2.4628992505893588
2.2093638447439594
2.40534758871528
2.079560745293927
2.105008798799697
2.019508638959022
2.0247112596110934
1.8900781171337055
1.8486676671702391
1.834369979086955
1.8015432221115015
1.7725322330073945
1.7160291907134329
1.674852794143045
1.6744851063770854
1.6177786254579094
1.5973490856255694
1.5529166019646226
1.5481987189335429
1.5207064432703006
1.5064843946201787
1.4550260358555303
1.4493722968800054
1.438548192856418
1.4277432633053726
1.411884149168707
1.4010596753685338
1.3845252049197057
1.3813714335678489
1.3750366094006095
1.3494348662674047
1.3429489621690884
1.350842613323479
1.3317226110749942
1.3183150724240928
1.3065578163049782
1.2951436445211908
1.277970768084192
1.2735258697704146
1.2574646829799483
1.2680281123537926
1.2663394527830136
1.2505967150068587
1.2455149125900997
1.2391197894029558
1.2318701167015513
1.2365802769448346
1.2122600693611583
1.2262567429785516
1.204374367644073
1.2073884279864608
1.189026729696116
1.1951677275311416
1.1811128452325323
1.1784278420126362
1.1693951893763936
1.156861098328973
1.1705296157271998
1.1541286737296232
1.153985894030067
1.154619507349221
1.1467503233320395
1.1317464352413347
1.142267194143526
1.1409381035786526
1.1556217473024015
1.1262110285698228
1.1180441030271493
1.1309277643064024
1.1195308455995694
1.1051455014830183
1.1116247940215336
1.101509831513569
1.096275725941749
1.0981214031292375
1.1172368606184697
1.0924163529068043
1.0880746283348959
1.0824134942072972
1.0890019703063236
1.084421792227751
1.082261660296446
1.0762390858808142
1.0742418488879113
1.079988247649685
1.05602136121434
1.0585087078392126
1.0508708559024107
1.0587824305910973
1.0591314810856132
1.0560599132707924
1.0545729167142492
1.0420145365842588
