2.3991362076656073
2.1349044377636757
1.9231984288829147
1.7488414201007527
1.7558099046634261
1.5493121860892909
1.5717222462793825
1.4168025536142337
1.3451741926229683
1.260960850746009
1.2635788184821986
1.210428753476234
1.154282977626582
1.1015350340278285
1.1002634403052602
1.0913990701839422
1.0150833095714544
0.9770863261192467
0.9857503513621676
0.9351628016514383
0.947587991975675
0.9547695361884536
0.9475300114625579
0.8986052612590182
0.9212723085834722
0.8521709726874236
0.8872639043315961
0.8216188003303139
0.8492849370476546
0.8090166540662195
0.7960137311060718
0.7819166449224872
0.7657107596944093
0.7839143777349192
0.7542453968221214
0.7685229470775385
0.7500132872800159
0.7457482243419453
0.7102079486391347
0.7356624212234643
0.676148736363004
0.6899462184708589
0.6583323209149063
0.6811270411986454
0.6249815958320715
0.6644266655870305
0.6300312311026701
0.662243868135343
0.6070460758771107
0.626825395093602
0.5845587836329345
0.6890571933643074
0.5856849153520195
0.6693235749651671
0.634853079725223
0.6463646146522206
0.5948684807795628
0.6189306664998364
0.5914345134975044
0.6119212033642325
0.5655347891863743
0.6041197985600514
0.5536385636041119
0.5683213550194054
0.5500858993666946
0.547574818703779
0.551093923343215
0.5538427456738843
0.5320136697049354
0.5409321577116183
0.5365985868273268
0.5264110646809742
0.5736725658747801
0.507101835149109
0.5641851634926097
0.5263284701070968
0.5374017694763317
0.511441423350079
0.5234347164251243
0.5087010441881836
0.5426392678622227
0.49084627713747087
0.5562179986458675
0.50658815491731
0.564436532319731
0.49888197403804513
0.5253255432768232
0.489181505172116
0.5192411928230031
0.4905394043322581
0.4893929322434079
0.5006218258362667
0.4951895782901983
0.503854839854939
0.4935748385395973
0.5305151261721447
0.4978969722606574
0.4981388366146452
0.4845998440009014
0.4974843762862455
