2.3405633018274976
2.6201181229512405
2.0091811084443596
1.8598033949068398
1.7825752678950122
1.5733537134850861
1.5318221491613206
1.4089051173750762
1.2924139104830992
1.2881052273853568
1.149407485488114
1.096653326681465
1.0774570950277291
1.0551433335443972
0.9758373996254744
0.9764856236755468
0.9525645439791831
0.877731349058212
0.8846535872501932
0.8481375814243487
0.9104474680438922
0.8913116796760802
0.8974136641830396
0.7925836607149452
0.8637805797491863
0.750035417307714
0.8174561000174019
0.7310586144590074
0.7736952234605315
0.7139120179756432
0.7016759996960877
0.7041952169624863
0.7151530580535815
0.7247912204189665
0.7612672877159847
0.7252306454120927
0.7604714624441353
0.7732375660899339
0.7061658345969619
0.7518269884738193
0.6867310790119657
0.754429259877296
0.6660699328039862
0.6977574550042487
0.6519304422815894
0.7002228266873937
0.6359406588183847
0.6336583810247434
0.606691748473295
0.6278548094497365
0.6022377493465023
0.647603023583722
0.5966249311425883
0.6544606776753809
0.6308736850501625
0.6351846872241633
0.6307370523168783
0.5956231285432342
0.6174633318831206
0.5648482150522767
0.6110641844333358
0.586610045212849
0.5797485258359059
0.6222059417302441
0.5702098759875935
0.5971338904587327
0.5681113214439647
0.5821638287632329
0.5202018223750363
0.5512141374645719
0.5358908930022246
0.5738176200420234
0.5142043402810006
0.5974978627103149
0.5101839585858545
0.5490913529684589
0.5063311781283397
0.5287462034422881
0.5160438442116331
0.5210042366176654
0.5331303342512459
0.5425968818413983
0.5683907932916265
0.5312996351035537
0.5431358983182604
0.5494781537040784
0.520188172721559
0.559171072996346
0.5237467114333134
0.5295252968930895
0.5086395686409276
0.5229650283125555
0.5034934173154223
0.5068095574143586
0.5366076239544875
0.5050031715517591
0.5282784787712583
0.5162344443949924
0.5004420450348763
0.5110971533758625
