0.655188
0.5450740000000001
0.609058
0.61023
0.644164
0.581842
0.65778
0.5
0.5861919999999999
0.533852
0.5
0.6333179999999999
0.654874
0.591656
0.667482
0.66359
0.670632
0.6299899999999999
0.6396360000000001
0.639526
0.604556
0.6614340000000001
0.5
0.6515179999999999
0.62309
0.654608
0.5738719999999999
0.648882
0.6593260000000001
0.6462619999999999
0.676018
0.6515380000000001
0.6553519999999999
0.649874
0.6991400000000001
0.62919
0.664328
0.655848
0.6856180000000001
0.612306
0.675856
0.6015659999999999
0.664992
0.6364619999999999
0.677662
0.653592
0.6761
0.6378039999999999
0.670762
0.5
0.6875060000000001
0.647668
0.6658799999999999
0.6961459999999999
0.621478
0.69454
0.652624
0.6256379999999999
0.676816
0.679732
0.648016
0.669406
0.673666
0.607664
0.6852039999999999
0.652438
0.655262
0.6533119999999999
0.62113
0.646594
0.615838
0.67287
0.708332
0.6551679999999999
0.662264
0.60974
0.64112
0.63628
0.6210920000000001
0.678752
0.68279
0.678138
0.657038
0.6289039999999999
0.6774319999999999
0.617804
0.6437160000000001
0.653308
0.679842
0.666958
0.688538
0.6439239999999999
0.654226
0.640518
0.61024
0.6485599999999999
0.688628
0.6811879999999999
0.669372
0.6481699999999999
