0.5966100000000001
0.550716
0.5806020000000001
0.6684019999999999
0.603144
0.573056
0.6654760000000001
0.547778
0.5548339999999999
0.546926
0.6205639999999999
0.593438
0.629562
0.573362
0.6048620000000001
0.613678
0.6390340000000001
0.5879840000000001
0.6541539999999999
0.6041420000000001
0.538246
0.647192
0.510602
0.614022
0.640732
0.6578900000000001
0.622566
0.5368
0.666866
0.623468
0.640834
0.604136
0.5463
0.5865659999999999
0.66883
0.600278
0.6026020000000001
0.59978
0.5902080000000001
0.554424
0.626026
0.538444
0.6267860000000001
0.6283
0.65604
0.667342
0.6384259999999999
0.611112
0.654372
0.5701700000000001
0.62969
0.645604
0.5694859999999999
0.6475339999999999
0.605834
0.6512460000000001
0.629934
0.588882
0.612654
0.593614
0.564714
0.667574
0.6207039999999999
0.561482
0.614058
0.582958
0.59648
0.533824
0.6167239999999999
0.641302
0.5866480000000001
0.6243180000000002
0.638322
0.6139659999999999
0.5218100000000001
0.6187419999999999
0.5864539999999999
0.603588
0.657108
0.640728
0.665892
0.600512
0.58653
0.6073259999999999
0.642656
0.6250439999999999
0.61564
0.607966
0.628024
0.63466
0.637076
0.58815
0.591582
0.592258
0.564276
0.541842
0.6077999999999999
0.603
0.6439079999999999
0.5417
