0.6174900000000001
0.5
0.638344
0.599708
0.607718
0.552984
0.642772
0.561248
0.566304
0.54322
0.6249280000000002
0.653266
0.691532
0.609794
0.663764
0.626824
0.6718160000000001
0.6621980000000001
0.713714
0.652036
0.640678
0.6582680000000001
0.5532400000000001
0.7114560000000001
0.695088
0.647206
0.599268
0.646768
0.7124320000000001
0.6854
0.680758
0.718582
0.63854
0.6532060000000001
0.72024
0.669476
0.7484460000000001
0.694306
0.705866
0.6203
0.728246
0.548034
0.714336
0.652654
0.658266
0.7097340000000001
0.7028660000000001
0.650954
0.7007439999999999
0.6606299999999999
0.658346
0.674532
0.6877979999999999
0.6885359999999999
0.6410239999999999
0.637694
0.7039019999999999
0.723778
0.6632840000000001
0.604532
0.654984
0.6834819999999999
0.6874359999999999
0.558176
0.678868
0.701062
0.560492
0.6857059999999999
0.6908620000000001
0.7122879999999999
0.64315
0.64272
0.6369020000000001
0.661346
0.59937
0.6408659999999999
0.6914719999999999
0.622834
0.6609039999999999
0.735846
0.732464
0.589898
0.729176
0.67021
0.726618
0.704
0.6449420000000001
0.678542
0.7031660000000001
0.559422
0.579004
0.6290959999999999
0.655002
0.60718
0.572284
0.627064
0.722662
0.707484
0.614528
0.489624
