2.3054067749023437
2.2879872314453125
2.2806333374023438
2.2644712036132812
2.256972021484375
2.2552995361328123
2.2232062255859373
2.221047717285156
2.208132873535156
2.1945131591796874
2.155864013671875
2.178978649902344
2.1650146850585936
2.116877185058594
2.109310998535156
2.1058593505859373
2.0906740234375
2.0209992431640624
2.031622314453125
1.9469850463867187
1.99587529296875
1.8914238891601562
1.8597313720703126
1.8913100830078124
1.81083876953125
1.8739276000976564
1.7866350341796875
1.7789426391601562
1.7490073364257812
1.7395384521484376
1.7667371704101562
1.764955859375
1.7125542358398438
1.6408218627929687
1.6835902954101563
1.675608544921875
1.6878880493164063
1.6397854614257812
1.6708205200195312
1.72916123046875
1.6436873291015626
1.7110978271484374
1.7180032592773438
1.7978496826171875
1.6568041259765625
1.6583459228515625
1.7287383544921875
1.6468062622070312
1.6294352783203125
1.6045289794921875
1.7334231323242189
1.6381100463867186
1.6495552856445312
1.6811113647460938
1.5612039306640626
1.7089985473632812
1.6167024291992187
1.6563781372070312
1.6292665283203125
1.5821047607421874
1.5561862548828125
1.48028623046875
1.5633432739257813
1.6875203735351563
1.5770759033203126
1.61484150390625
1.6625985473632812
1.6142119140625
1.5760776123046876
1.5430163940429686
1.4997857666015626
1.4747988647460937
1.6121504638671875
1.6717115844726562
1.5254279907226562
1.546868359375
1.6801890747070312
1.6384970092773437
1.5502145385742188
1.4341671142578125
1.4906388427734374
1.4670649780273437
1.5507843383789062
1.4200570556640626
1.5277682373046875
1.5909620361328125
1.522978662109375
1.56944833984375
1.6594674194335937
1.55755078125
1.47975341796875
1.4851029663085937
1.5781214599609374
1.44476640625
1.4975250244140625
1.4544154296875
1.5545736083984374
1.6488078491210938
1.5075248413085938
1.5012715698242187
