2.3068289672851563
2.3027934814453124
2.2813689208984376
2.273529638671875
2.2728590209960937
2.2836676025390625
2.2530873779296874
2.233010791015625
2.2174135009765625
2.1898114990234374
2.153912341308594
2.153719787597656
2.1135857177734376
2.08280556640625
2.090313000488281
2.0548716430664062
2.0055410400390623
1.979352294921875
1.9368401245117188
1.8742857421875
1.9338838500976563
1.8177245361328125
1.76435966796875
1.8069470825195313
1.76160205078125
1.7713140747070313
1.7037994506835938
1.6956660888671875
1.65839423828125
1.6579837158203126
1.6681609252929688
1.6439414794921876
1.5617283325195312
1.520930419921875
1.5756517578125
1.4985641723632812
1.5871212158203125
1.48482353515625
1.5036069946289063
1.5016364868164063
1.3531028564453125
1.3657366455078126
1.3295284851074218
1.3595757446289063
1.339851806640625
1.2924234313964844
1.3221961669921876
1.325076904296875
1.2646377563476563
1.2349574768066407
1.2946566955566405
1.1742286193847655
1.2055034606933595
1.2122636291503905
1.1829489807128906
1.2394150390625
1.1586170471191406
1.2209275024414064
1.1915364013671874
1.202655975341797
1.1761260803222657
1.1593610900878906
1.2037326110839843
1.2404154968261718
1.1903950805664063
1.1785842651367187
1.1843168395996093
1.1523174133300782
1.1445351745605468
1.1396208984375
1.155865301513672
1.1803041931152343
1.2455016357421875
1.2845989624023437
1.1666236938476562
1.153807177734375
1.2723623779296875
1.173927508544922
1.1129304260253907
1.042774053955078
1.128471728515625
1.0225504943847656
1.1341850158691407
0.9828595886230469
1.0918315185546874
1.083740673828125
1.0119533325195313
1.0606582275390626
0.9976820190429687
1.002105096435547
0.97878037109375
0.9722132507324219
1.0476345275878907
0.9366562194824218
0.9647402099609375
0.998740478515625
1.0545873779296875
1.01691904296875
0.98620888671875
0.9931592529296875
