2.2957819213867188
2.2882011596679686
2.28133408203125
2.2657728271484374
2.2597373413085937
2.249149548339844
2.235743078613281
2.235386328125
2.223552819824219
2.1988868408203124
2.1714119873046873
2.1271146606445313
2.101860510253906
2.055311999511719
2.020601892089844
2.006456677246094
1.9301132568359376
1.9038664306640625
1.8575177734375
1.854593505859375
1.7894479370117187
1.78375712890625
1.7036690673828125
1.668059130859375
1.5831652954101563
1.5782871704101562
1.532648681640625
1.5248254272460937
1.4812796142578124
1.4295224609375
1.3602245239257813
1.3041502014160156
1.3283598754882813
1.2813087036132813
1.232437078857422
1.2017452758789062
1.223340576171875
1.1403949768066406
1.1601344177246093
1.085825897216797
1.0847923156738282
1.0997419860839843
1.0851774841308595
1.0417128540039062
1.068712921142578
1.0155639282226563
1.0116322509765625
1.0107850158691407
1.0126138244628906
0.9644811889648438
0.93763271484375
0.9485646545410156
0.9508470397949219
0.9695824096679687
0.9646303527832031
0.9978004516601563
0.9939764099121093
0.9282530822753906
0.9062298706054688
0.9040224304199219
0.9132196044921875
0.8860222595214844
0.8922717468261718
0.9192847839355469
0.9450017761230469
0.8812538818359374
0.8722362609863281
0.9157739379882812
0.9026473510742188
0.8829926513671875
0.8943234436035157
0.8964500549316406
0.8792694885253907
0.8696153564453125
0.8496584228515625
0.8246529235839843
0.8079506408691406
0.8189535766601562
0.8238720397949219
0.8571628173828125
0.8702314208984375
0.8991635864257812
0.8728875732421875
0.8478333251953125
0.8493509765625
0.8149351135253906
0.7906084655761719
0.7996015747070313
0.8093951965332031
0.7857116455078125
0.7981083374023438
0.7693626586914063
0.81059169921875
0.805718212890625
0.8068974365234375
0.7744487365722657
0.76445361328125
0.7631807250976562
0.7797578918457031
0.7580395874023438
