2.2960227172851564
2.2867925537109377
2.270091882324219
2.2638693359375
2.2606966796875
2.254030163574219
2.2412380859375
2.2061754150390627
2.185992333984375
2.1533414794921875
2.136230419921875
2.0993775756835937
2.071331774902344
2.0274996948242188
2.0063434692382813
1.9609790893554688
1.9312494018554687
1.8966923828125
1.8294448608398437
1.8082191528320313
1.7067009887695312
1.6660527587890626
1.56772158203125
1.4910929931640624
1.4529058837890625
1.4248680541992187
1.3499433715820313
1.3062372924804688
1.2571740539550782
1.2407637939453124
1.169931298828125
1.1328132080078126
1.12494541015625
1.0591652587890625
1.036417333984375
1.0402808715820313
1.0311480712890626
0.9901410400390624
0.94229267578125
0.9394809875488281
0.93043291015625
0.8960153137207031
0.90913095703125
0.8717170104980468
0.8726926879882813
0.8822516845703126
0.88587265625
0.8725501098632813
0.8616118713378906
0.8445935363769531
0.8024762573242188
0.79963818359375
0.7706242614746094
0.7830689575195312
0.7657476196289063
0.7444735595703125
0.7271364990234375
0.7088298522949219
0.7089832885742188
0.6958981079101563
0.6891850891113281
0.695093994140625
0.6846489379882813
0.68150400390625
0.6679019134521484
0.6715463439941406
0.6674150939941407
0.6716990966796875
0.6829404479980469
0.6926621704101562
0.6985087585449219
0.7032168029785156
0.6785671142578125
0.6762255615234375
0.6610669586181641
0.671130419921875
0.6666875671386718
0.6679424194335938
0.6616355346679688
0.6652793518066407
0.6606175842285156
0.658489453125
0.6382559387207031
0.6181395385742188
0.6233488739013672
0.6141007873535156
0.6134227264404297
0.6185688079833984
0.6167445343017578
0.616711669921875
0.6052925659179688
0.6203813934326172
0.6218586242675781
0.64456650390625
0.6480459899902343
0.6223279388427735
0.612659033203125
0.6255529449462891
0.6084959320068359
0.6200461669921875
