2.291753674316406
2.2824465209960936
2.272337646484375
2.2654924194335937
2.2602293212890623
2.2504171752929687
2.240846484375
2.2307618896484374
2.2187287841796874
2.196748828125
2.1832949829101564
2.163098828125
2.1468698852539063
2.1139114135742187
2.095961218261719
2.0637038208007814
2.0465191040039064
2.029749743652344
1.9809800659179688
1.9634673706054688
1.8969990112304687
1.87042646484375
1.8225182983398438
1.7589164184570312
1.7219521850585937
1.6868852783203125
1.6278045166015624
1.5619613647460937
1.504188916015625
1.4557263793945312
1.40475126953125
1.3576871337890626
1.309391357421875
1.2596974853515626
1.221498876953125
1.194894989013672
1.1405437866210937
1.1176946472167968
1.0744675415039062
1.0572640380859375
1.0165037231445313
0.9959144470214844
0.9652941650390625
0.9191742736816406
0.9139661987304688
0.90549560546875
0.8865980163574219
0.885515576171875
0.8612743041992188
0.8376820007324218
0.8105791198730469
0.7873982666015625
0.7570357421875
0.7417284240722656
0.7357469665527344
0.71590009765625
0.704687841796875
0.6876877563476562
0.6826114868164063
0.6648115753173828
0.6578737487792968
0.6493458984375
0.64811708984375
0.6229921142578125
0.6143681396484375
0.6135757232666016
0.6002647155761719
0.6012205871582031
0.5882233612060547
0.5929728790283203
0.5845247528076172
0.5788472839355469
0.5619068359375
0.5715515380859375
0.5702516448974609
0.5655870574951172
0.5607351989746093
0.5534062805175781
0.5480496887207031
0.5419594421386719
0.5349481079101562
0.5353519836425781
0.5268885009765625
0.5226818450927735
0.5164732971191406
0.5254735931396485
0.5174613555908203
0.5087066070556641
0.5088973937988281
0.5027142761230469
0.49888875122070314
0.4962972503662109
0.49401590270996093
0.5004386474609375
0.49021001892089844
0.48692747802734376
0.4852261505126953
0.47935678405761717
0.4830633819580078
0.48023960876464844
