2.289023303222656
2.2787012451171873
2.272334826660156
2.264013037109375
2.2585299438476563
2.247872448730469
2.2376467163085936
2.223780432128906
2.210670849609375
2.192789733886719
2.1734558349609374
2.1500230224609376
2.1303804931640626
2.1004458129882813
2.074528820800781
2.0318008056640626
1.9852891845703124
1.9370463623046874
1.8840689331054687
1.8221625610351562
1.7743903198242188
1.7230890747070313
1.6546648803710937
1.580929296875
1.54010283203125
1.4625515869140624
1.415244482421875
1.3603218627929687
1.2989530029296874
1.2360684997558593
1.1954903076171874
1.151300848388672
1.1005081481933594
1.0582559204101563
1.0101639282226562
0.976181640625
0.9438180847167968
0.9128808959960938
0.8797402038574219
0.8426542785644531
0.8165143676757812
0.7852885192871094
0.7712381652832031
0.7423714599609375
0.7239744934082031
0.6991998901367188
0.6843411682128906
0.6768743469238281
0.667394320678711
0.6509689849853516
0.6444647735595703
0.6246817108154297
0.6163239318847656
0.6136007202148438
0.5993429443359375
0.5878885772705078
0.5875519500732422
0.5672717498779297
0.5558484069824219
0.5528930877685547
0.5390468444824219
0.5323398468017578
0.5221808990478516
0.5210667236328125
0.5159260711669922
0.519466357421875
0.5177329498291016
0.5005263275146484
0.4966595764160156
0.49815451354980467
0.4970441467285156
0.49617857971191404
0.4842180419921875
0.47460591125488283
0.4683773559570312
0.46485142822265624
0.45866839599609377
0.4587140350341797
0.45387134704589843
0.45077487487792967
0.44883939208984375
0.4512370849609375
0.44746678161621095
0.4436315155029297
0.4485459167480469
0.43462986145019533
0.43257916870117186
0.4298867980957031
0.42661861877441404
0.43118814086914065
0.4368620361328125
0.44005865478515627
0.43176026916503907
0.4286897186279297
0.4260398162841797
0.4246696960449219
0.4202927490234375
0.4216294219970703
0.41906100158691406
0.42270733032226565
