2.295649987792969
2.28197646484375
2.2749769287109376
2.2684633666992187
2.25205400390625
2.2357968017578127
2.2160058349609373
2.21074501953125
2.1889903442382814
2.1665328979492187
2.158051965332031
2.1382241821289063
2.0921610961914063
2.052777038574219
2.0044612548828127
1.9644420166015626
1.9197431884765626
1.8576483764648437
1.7990049072265626
1.7203502807617188
1.6443495239257813
1.5980522338867187
1.5253538208007813
1.4623759887695313
1.3926878295898437
1.34199052734375
1.2794649597167969
1.2441387878417969
1.22375947265625
1.1753999816894531
1.1150588562011718
1.05082724609375
1.0155873229980468
0.9681599060058593
0.915087841796875
0.9002218078613281
0.8594187072753906
0.8486733764648438
0.817184375
0.8026818908691407
0.7993495788574219
0.7904040893554688
0.7800827453613282
0.7563500366210938
0.7441192321777343
0.7337959716796875
0.7099946533203125
0.7105857543945312
0.7025407775878906
0.6787627746582031
0.6602061767578125
0.654102392578125
0.6607876800537109
0.6381806793212891
0.6169604431152343
0.6363844543457031
0.6444731079101562
0.6184450164794922
0.6222242645263671
0.6116115814208984
0.6113166015625
0.6019804504394531
0.5859923919677734
0.5845583923339843
0.5920898681640625
0.5972297546386719
0.5897910919189453
0.5789559295654297
0.5694759460449219
0.5629273254394531
0.5624603088378907
0.5641790832519531
0.56074052734375
0.5644024169921875
0.5662624786376953
0.561863980102539
0.5482830322265625
0.544606460571289
0.5439518341064453
0.5484457946777344
0.5407376403808594
0.5429997741699218
0.5443864562988281
0.5344632598876953
0.5332379425048828
0.5264172393798828
0.519806039428711
0.5193324340820312
0.5252680267333985
0.5162372985839844
0.5147686126708985
0.5181068481445312
0.5201076873779297
0.510821240234375
0.5146561920166015
0.516650552368164
0.49861965942382813
0.49905606384277346
0.4898099548339844
0.4988492034912109
