2.2946243774414063
2.281388195800781
2.2734098022460936
2.2691661743164064
2.262950793457031
2.2402296142578124
2.220721057128906
2.20241611328125
2.176979895019531
2.1675468994140625
2.138552392578125
2.1136614624023435
2.092127868652344
2.0725494873046877
2.0328468017578123
1.962547119140625
1.9172882202148438
1.8449696655273438
1.7873100463867186
1.7185784790039063
1.6660393676757812
1.592230419921875
1.543874462890625
1.4495641723632813
1.4015473266601564
1.3306930908203125
1.2949626953125
1.276310284423828
1.182134326171875
1.1390470642089843
1.0875551696777344
1.0630681274414062
1.0277136352539062
1.0315921447753906
0.9866092590332032
0.9885270202636719
0.955123291015625
0.9231234436035156
0.8989921752929687
0.8484950317382812
0.8434754577636718
0.8123703857421875
0.7818315185546875
0.7606257141113282
0.7542431762695313
0.7283431701660156
0.7248020446777343
0.719957861328125
0.6954948913574219
0.6986372009277344
0.7068475036621094
0.6976890014648438
0.7070630554199219
0.7030502075195313
0.6839584777832032
0.6772826477050782
0.671796533203125
0.6569575317382812
0.655285986328125
0.6534788146972657
0.6552993682861328
0.6331311584472656
0.6107938720703125
0.6119807434082031
0.6038672546386719
0.6180682647705078
0.5948778747558594
0.5888293121337891
0.5995140747070312
0.6097750152587891
0.628862353515625
0.5960887786865234
0.5900231964111328
0.5912129028320312
0.592399365234375
0.595404183959961
0.5872339294433594
0.5778352508544922
0.5638574615478515
0.5624102722167968
0.5624691040039063
0.5693623870849609
0.575285415649414
0.564676416015625
0.5604296936035156
0.5520459197998047
0.5467005310058594
0.5447212921142578
0.5410736968994141
0.5468634307861329
0.5526781982421874
0.5504132507324219
0.5491389709472656
0.5560167419433594
0.5515133728027344
0.5374336181640625
0.5237295501708984
0.5281989624023438
0.5354685546875
0.5377110748291015
