2.28996513671875
2.2812361938476564
2.2735771484375
2.265920642089844
2.2576401123046876
2.2488098022460936
2.238642492675781
2.227552783203125
2.2147858276367187
2.200480578613281
2.1840769775390627
2.1651758911132815
2.143435998535156
2.118985534667969
2.090309912109375
2.0580685668945313
2.021475244140625
1.981708251953125
1.9371754638671874
1.889124365234375
1.8387647216796874
1.78520634765625
1.7288993774414063
1.6687840698242187
1.6093962036132812
1.5488339721679687
1.4894235717773439
1.4312691040039063
1.3751122192382812
1.31962490234375
1.2670421081542969
1.2153069030761718
1.166071893310547
1.1205396789550781
1.0767679809570312
1.035304541015625
0.99481728515625
0.9583159057617188
0.9243521850585937
0.8924392822265625
0.8616464965820313
0.8337134033203125
0.8080620910644531
0.7842032958984375
0.7612730224609375
0.7393560791015625
0.719703125
0.700594873046875
0.6835037231445312
0.6661799713134766
0.6512849212646484
0.6367743377685546
0.6240494873046875
0.6108619354248047
0.5992327331542969
0.5893411590576172
0.5782476745605468
0.5686002105712891
0.5591871246337891
0.5504608703613281
0.541888671875
0.5348350616455078
0.5274540588378906
0.5200331787109375
0.5133309234619141
0.5073371185302734
0.5011675201416016
0.49634405517578123
0.4910726379394531
0.48521441345214844
0.4805073181152344
0.47591039123535156
0.47217614135742186
0.467802978515625
0.4634159484863281
0.4600476318359375
0.4559329406738281
0.45288785400390624
0.44957718505859373
0.44653384704589844
0.4432775054931641
0.4400891815185547
0.43792432250976565
0.4341079345703125
0.43208399047851564
0.42940735168457034
0.4272494812011719
0.42510902709960935
0.4229593109130859
0.42079490356445315
0.4186361022949219
0.4164670928955078
0.41478653411865235
0.4127932891845703
0.41076637573242186
0.40944141998291017
0.40753622131347655
0.40593698272705075
0.404408544921875
0.4028873947143555
