2.2990913208007813
2.287306298828125
2.2779053344726563
2.2599026733398437
2.256266979980469
2.2458093994140627
2.239554541015625
2.240995617675781
2.224852392578125
2.2091551391601563
2.1907381225585936
2.1666411865234374
2.142063671875
2.1057034301757813
2.0768627685546877
2.03902197265625
1.9868539428710938
1.9557697631835937
1.9173551513671876
1.904093701171875
1.844280029296875
1.78776474609375
1.69999794921875
1.6375210815429688
1.5446712036132813
1.5207765380859375
1.4626573852539062
1.4325062866210938
1.3665101196289062
1.3156112915039062
1.2638008544921875
1.1881116577148438
1.2013016174316407
1.14212470703125
1.084731121826172
1.1021267517089843
1.0493083923339843
1.0042666687011719
0.9765163452148438
0.9489096130371094
0.9281087768554688
0.9222042846679688
0.9066199157714844
0.8894447143554688
0.8747499145507812
0.8327407104492187
0.8224482055664063
0.812922314453125
0.8135354370117187
0.8032959533691406
0.7863642883300781
0.7874282470703124
0.7530851257324219
0.7484585266113282
0.7398250305175781
0.7766877807617187
0.7389526672363281
0.7301951721191406
0.7185034912109375
0.7072666320800781
0.6912172424316406
0.6681021789550782
0.6683034973144532
0.6561225646972656
0.6443310180664062
0.6547083984375
0.6423015808105469
0.65842109375
0.6596737365722656
0.6395435821533203
0.6529118591308594
0.634510043334961
0.6430827209472656
0.6352981536865234
0.6408180053710938
0.629019384765625
0.5954234497070312
0.6086921356201171
0.6139362365722656
0.5932606475830078
0.6003541748046874
0.5872318420410156
0.5780434173583985
0.5693091583251954
0.5570626007080078
0.5348093475341796
0.5296815460205078
0.5460312683105468
0.5564008758544922
0.5633683135986328
0.5568561584472657
0.525585336303711
0.546784634399414
0.5189726470947266
0.5172813110351563
0.5053797729492188
0.5284534942626953
0.5244678466796875
0.5190621063232422
0.5165814971923828
